
# Surface 0 of 1 surfaces

# Curve title: ""out.txt" u 1:2:3"

# Contour 0, label:      0.5
 0.320143  0.697725  0.5 
 0.32492  0.69989  0.5 
 0.334996  0.704733  0.5 
 0.341022  0.707801  0.5 
 0.345072  0.71015  0.5 
 0.355147  0.715454  0.5 
 0.362414  0.717877  0.5 
 0.365223  0.71903  0.5 
 0.375299  0.720471  0.5 
 0.385375  0.720489  0.5 
 0.395451  0.720536  0.5 
 0.405527  0.721015  0.5 
 0.415602  0.721751  0.5 
 0.425678  0.722558  0.5 
 0.435754  0.723364  0.5 
 0.44583  0.724153  0.5 
 0.455906  0.724928  0.5 
 0.465982  0.725694  0.5 
 0.476057  0.726457  0.5 
 0.486133  0.727218  0.5 
 0.495855  0.727953  0.5 
 0.496209  0.727987  0.5 
 0.506285  0.728957  0.5 
 0.516361  0.729905  0.5 
 0.526436  0.73073  0.5 
 0.536512  0.73032  0.5 
 0.541506  0.727953  0.5 
 0.546588  0.726049  0.5 
 0.55622  0.717877  0.5 
 0.556664  0.717554  0.5 
 0.566099  0.707801  0.5 
 0.56674  0.707204  0.5 
 0.575449  0.697725  0.5 
 0.576816  0.69634  0.5 
 0.584778  0.68765  0.5 
 0.586891  0.685456  0.5 
 0.594199  0.677574  0.5 
 0.596967  0.674697  0.5 
 0.603749  0.667498  0.5 
 0.607043  0.664096  0.5 
 0.613438  0.657422  0.5 
 0.617119  0.653659  0.5 
 0.623273  0.647346  0.5 
 0.627195  0.64338  0.5 
 0.633252  0.63727  0.5 
 0.63727  0.633253  0.5 
 0.64338  0.627195  0.5 
 0.647346  0.623273  0.5 
 0.653659  0.617119  0.5 
 0.657422  0.613438  0.5 
 0.664096  0.607043  0.5 
 0.667498  0.603749  0.5 
 0.674697  0.596967  0.5 
 0.677574  0.594199  0.5 
 0.685456  0.586891  0.5 
 0.68765  0.584778  0.5 
 0.69634  0.576816  0.5 
 0.697725  0.575449  0.5 
 0.707204  0.56674  0.5 
 0.707801  0.566099  0.5 
 0.717554  0.556664  0.5 
 0.717877  0.55622  0.5 
 0.726048  0.546588  0.5 
 0.727953  0.541506  0.5 
 0.73032  0.536512  0.5 
 0.73073  0.526436  0.5 
 0.729905  0.516361  0.5 
 0.728957  0.506285  0.5 
 0.727987  0.496209  0.5 

 0.27353  0.163707  0.5 
 0.264465  0.172663  0.5 
 0.263378  0.173783  0.5 
 0.254389  0.182781  0.5 
 0.253339  0.183859  0.5 
 0.244313  0.192938  0.5 
 0.243337  0.193934  0.5 
 0.234238  0.203089  0.5 
 0.233328  0.20401  0.5 
 0.224162  0.21321  0.5 
 0.22329  0.214086  0.5 
 0.214086  0.22329  0.5 
 0.21321  0.224162  0.5 
 0.20401  0.233328  0.5 
 0.203089  0.234238  0.5 
 0.193934  0.243337  0.5 
 0.192938  0.244313  0.5 
 0.183859  0.253339  0.5 
 0.182781  0.254389  0.5 
 0.173783  0.263378  0.5 
 0.172663  0.264465  0.5 
 0.163707  0.27353  0.5 
 0.162665  0.274541  0.5 
 0.153631  0.283927  0.5 
 0.152923  0.284617  0.5 
 0.143678  0.294693  0.5 
 0.143555  0.294854  0.5 
 0.135224  0.304768  0.5 
 0.133479  0.307591  0.5 
 0.128233  0.314844  0.5 
 0.123794  0.32492  0.5 
 0.123404  0.326999  0.5 
 0.121484  0.334996  0.5 
 0.121079  0.345072  0.5 
 0.121583  0.355147  0.5 
 0.122376  0.365223  0.5 
 0.123238  0.375299  0.5 
 0.123404  0.37724  0.5 
 0.123949  0.385375  0.5 
 0.124613  0.395451  0.5 
 0.12527  0.405527  0.5 
 0.125922  0.415602  0.5 
 0.126575  0.425678  0.5 
 0.12723  0.435754  0.5 
 0.127874  0.44583  0.5 
 0.12845  0.455906  0.5 
 0.128801  0.465982  0.5 
 0.12844  0.476057  0.5 
 0.125443  0.486133  0.5 
 0.123404  0.487315  0.5 
 0.113328  0.49116  0.5 
 0.103252  0.493286  0.5 
 0.0931762  0.494424  0.5 
 0.0831003  0.495466  0.5 
 0.0787326  0.496209  0.5 
 0.0831003  0.496636  0.5 
 0.0931762  0.497209  0.5 
 0.103252  0.497805  0.5 
 0.113328  0.498857  0.5 
 0.123404  0.500619  0.5 
 0.133479  0.503145  0.5 
 0.143463  0.506285  0.5 
 0.143555  0.506575  0.5 
 0.146402  0.516361  0.5 
 0.149759  0.526436  0.5 
 0.153631  0.536273  0.5 
 0.153721  0.536512  0.5 
 0.157802  0.546588  0.5 
 0.162592  0.556664  0.5 
 0.163707  0.558788  0.5 
 0.167724  0.56674  0.5 
 0.173578  0.576816  0.5 
 0.173783  0.577142  0.5 
 0.179739  0.586891  0.5 
 0.183859  0.592874  0.5 
 0.186663  0.596967  0.5 
 0.193934  0.606585  0.5 
 0.194286  0.607043  0.5 
 0.202574  0.617119  0.5 
 0.20401  0.61873  0.5 
 0.211804  0.627195  0.5 
 0.214086  0.62951  0.5 
 0.222114  0.63727  0.5 
 0.224162  0.639153  0.5 
 0.233652  0.647346  0.5 
 0.234238  0.647837  0.5 
 0.244313  0.655798  0.5 
 0.246516  0.657422  0.5 
 0.254389  0.663121  0.5 
 0.26103  0.667498  0.5 
 0.264465  0.669767  0.5 
 0.274541  0.675826  0.5 
 0.277696  0.677574  0.5 
 0.284617  0.681461  0.5 
 0.294693  0.686441  0.5 
 0.297325  0.68765  0.5 
 0.304768  0.691182  0.5 
 0.314844  0.695489  0.5 
 0.320143  0.697725  0.5 

 0.727987  0.496209  0.5 
 0.727953  0.495857  0.5 
 0.727218  0.486133  0.5 
 0.726457  0.476057  0.5 
 0.725694  0.465982  0.5 
 0.724928  0.455906  0.5 
 0.724153  0.44583  0.5 
 0.723364  0.435754  0.5 
 0.722558  0.425678  0.5 
 0.721751  0.415602  0.5 
 0.721015  0.405527  0.5 
 0.720536  0.395451  0.5 
 0.720489  0.385375  0.5 
 0.720471  0.375299  0.5 
 0.71903  0.365223  0.5 
 0.717877  0.362414  0.5 
 0.715454  0.355147  0.5 
 0.71015  0.345072  0.5 
 0.707801  0.341022  0.5 
 0.704733  0.334996  0.5 
 0.69989  0.32492  0.5 
 0.697725  0.320143  0.5 
 0.695489  0.314844  0.5 
 0.691183  0.304768  0.5 
 0.68765  0.297325  0.5 
 0.686441  0.294693  0.5 
 0.681461  0.284617  0.5 
 0.677574  0.277696  0.5 
 0.675826  0.274541  0.5 
 0.669767  0.264465  0.5 
 0.667498  0.26103  0.5 
 0.663121  0.254389  0.5 
 0.657422  0.246517  0.5 
 0.655797  0.244313  0.5 
 0.647837  0.234238  0.5 
 0.647346  0.233651  0.5 
 0.639153  0.224162  0.5 
 0.63727  0.222114  0.5 
 0.62951  0.214086  0.5 
 0.627195  0.211804  0.5 
 0.61873  0.20401  0.5 
 0.617119  0.202574  0.5 
 0.607043  0.194286  0.5 
 0.606585  0.193934  0.5 
 0.596967  0.186663  0.5 
 0.592874  0.183859  0.5 
 0.586891  0.179739  0.5 
 0.577141  0.173783  0.5 
 0.576816  0.173578  0.5 
 0.56674  0.167724  0.5 
 0.558787  0.163707  0.5 
 0.556664  0.162593  0.5 
 0.546588  0.157802  0.5 
 0.536512  0.153721  0.5 
 0.536273  0.153631  0.5 
 0.526436  0.149759  0.5 
 0.516361  0.146402  0.5 
 0.506574  0.143555  0.5 
 0.506285  0.143463  0.5 
 0.503145  0.133479  0.5 
 0.500619  0.123404  0.5 
 0.498857  0.113328  0.5 
 0.497804  0.103252  0.5 
 0.497209  0.0931762  0.5 
 0.496635  0.0831003  0.5 
 0.496209  0.0787366  0.5 
 0.495467  0.0831003  0.5 
 0.494425  0.0931762  0.5 
 0.493287  0.103252  0.5 
 0.49116  0.113328  0.5 
 0.487315  0.123404  0.5 
 0.486133  0.125444  0.5 
 0.476057  0.12844  0.5 
 0.465982  0.128802  0.5 
 0.455906  0.12845  0.5 
 0.44583  0.127874  0.5 
 0.435754  0.127231  0.5 
 0.425678  0.126576  0.5 
 0.415602  0.125922  0.5 
 0.405527  0.12527  0.5 
 0.395451  0.124614  0.5 
 0.385375  0.123949  0.5 
 0.377241  0.123404  0.5 
 0.375299  0.123238  0.5 
 0.365223  0.122376  0.5 
 0.355147  0.121583  0.5 
 0.345072  0.121079  0.5 
 0.334996  0.121484  0.5 
 0.326998  0.123404  0.5 
 0.32492  0.123794  0.5 
 0.314844  0.128233  0.5 
 0.307591  0.133479  0.5 
 0.304768  0.135224  0.5 
 0.294854  0.143555  0.5 
 0.294693  0.143678  0.5 
 0.284617  0.152923  0.5 
 0.283927  0.153631  0.5 
 0.274541  0.162665  0.5 
 0.27353  0.163707  0.5 


# Contour 1, label:      0.4
 0.224162  0.451785  0.4 
 0.227162  0.455906  0.4 
 0.234238  0.46577  0.4 
 0.234434  0.465982  0.4 
 0.241776  0.476057  0.4 
 0.242663  0.486133  0.4 
 0.244313  0.487336  0.4 
 0.254389  0.491506  0.4 
 0.264465  0.493568  0.4 
 0.274541  0.494915  0.4 
 0.284617  0.496115  0.4 
 0.285361  0.496209  0.4 
 0.294693  0.499928  0.4 
 0.304768  0.505416  0.4 
 0.306188  0.506285  0.4 
 0.314844  0.512644  0.4 
 0.31946  0.516361  0.4 
 0.32492  0.521255  0.4 
 0.330072  0.526436  0.4 
 0.334996  0.532028  0.4 
 0.338251  0.536512  0.4 
 0.344453  0.546588  0.4 
 0.345072  0.547694  0.4 
 0.348901  0.556664  0.4 
 0.352768  0.56674  0.4 
 0.355147  0.572967  0.4 
 0.356456  0.576816  0.4 
 0.36037  0.586891  0.4 
 0.364975  0.596967  0.4 
 0.365223  0.597399  0.4 
 0.371557  0.607043  0.4 
 0.375299  0.611396  0.4 
 0.381006  0.617119  0.4 
 0.385375  0.620411  0.4 
 0.394851  0.627195  0.4 
 0.395451  0.627524  0.4 
 0.405527  0.63306  0.4 
 0.414087  0.63727  0.4 
 0.415602  0.637879  0.4 
 0.425678  0.641502  0.4 
 0.435754  0.644449  0.4 
 0.44583  0.646791  0.4 
 0.448779  0.647346  0.4 
 0.455906  0.648599  0.4 
 0.465982  0.650037  0.4 
 0.476057  0.65121  0.4 
 0.486133  0.652192  0.4 
 0.496209  0.653052  0.4 
 0.506285  0.653843  0.4 
 0.516361  0.654605  0.4 
 0.526436  0.655297  0.4 
 0.536512  0.655296  0.4 
 0.546588  0.65295  0.4 
 0.556664  0.647523  0.4 
 0.556896  0.647346  0.4 
 0.56674  0.639876  0.4 
 0.569708  0.63727  0.4 
 0.576816  0.631053  0.4 
 0.580938  0.627195  0.4 
 0.586891  0.621624  0.4 
 0.591543  0.617119  0.4 
 0.596967  0.611844  0.4 
 0.601814  0.607043  0.4 
 0.607043  0.601814  0.4 
 0.611844  0.596967  0.4 
 0.617119  0.591543  0.4 
 0.621624  0.586891  0.4 
 0.627195  0.580938  0.4 
 0.631053  0.576816  0.4 
 0.63727  0.569708  0.4 
 0.639876  0.56674  0.4 
 0.647346  0.556896  0.4 
 0.647523  0.556664  0.4 
 0.65295  0.546588  0.4 
 0.655296  0.536512  0.4 
 0.655297  0.526436  0.4 
 0.654605  0.516361  0.4 
 0.653844  0.506285  0.4 
 0.653052  0.496209  0.4 
 0.652192  0.486133  0.4 
 0.65121  0.476057  0.4 
 0.650037  0.465982  0.4 
 0.648599  0.455906  0.4 

 0.648599  0.455906  0.4 
 0.647346  0.448779  0.4 
 0.646791  0.44583  0.4 
 0.644449  0.435754  0.4 
 0.641502  0.425678  0.4 
 0.637879  0.415602  0.4 
 0.63727  0.414087  0.4 
 0.63306  0.405527  0.4 
 0.627524  0.395451  0.4 
 0.627195  0.394851  0.4 
 0.620411  0.385375  0.4 
 0.617119  0.381006  0.4 
 0.611396  0.375299  0.4 
 0.607043  0.371557  0.4 
 0.597399  0.365223  0.4 
 0.596967  0.364975  0.4 
 0.586891  0.36037  0.4 
 0.576816  0.356456  0.4 
 0.572967  0.355147  0.4 
 0.56674  0.352768  0.4 
 0.556664  0.348901  0.4 
 0.547694  0.345072  0.4 
 0.546588  0.344453  0.4 
 0.536512  0.338251  0.4 
 0.532028  0.334996  0.4 
 0.526436  0.330072  0.4 
 0.521255  0.32492  0.4 
 0.516361  0.319461  0.4 
 0.512644  0.314844  0.4 
 0.506285  0.306189  0.4 
 0.505416  0.304768  0.4 
 0.499928  0.294693  0.4 
 0.496209  0.285361  0.4 
 0.496115  0.284617  0.4 
 0.494915  0.274541  0.4 
 0.493568  0.264465  0.4 
 0.491506  0.254389  0.4 
 0.487336  0.244313  0.4 
 0.486133  0.242663  0.4 
 0.476057  0.241776  0.4 
 0.465982  0.234434  0.4 
 0.465769  0.234238  0.4 
 0.455906  0.227162  0.4 
 0.451784  0.224162  0.4 
 0.44583  0.220746  0.4 
 0.435754  0.215449  0.4 
 0.432813  0.214086  0.4 
 0.425678  0.211316  0.4 
 0.415602  0.20805  0.4 
 0.405527  0.20546  0.4 
 0.398345  0.20401  0.4 
 0.395451  0.203471  0.4 
 0.385375  0.201961  0.4 
 0.375299  0.20076  0.4 
 0.365223  0.19977  0.4 
 0.355147  0.198934  0.4 
 0.345072  0.198305  0.4 
 0.334996  0.198179  0.4 
 0.32492  0.199136  0.4 
 0.314844  0.201783  0.4 
 0.309951  0.20401  0.4 
 0.304768  0.206391  0.4 
 0.294693  0.212741  0.4 
 0.292929  0.214086  0.4 
 0.284617  0.220451  0.4 
 0.280271  0.224162  0.4 
 0.274541  0.229084  0.4 
 0.268918  0.234238  0.4 
 0.264465  0.238357  0.4 
 0.258274  0.244313  0.4 
 0.254389  0.248106  0.4 
 0.248106  0.254389  0.4 
 0.244313  0.258274  0.4 
 0.238357  0.264465  0.4 
 0.234238  0.268918  0.4 
 0.229084  0.274541  0.4 
 0.224162  0.280271  0.4 
 0.220451  0.284617  0.4 
 0.214086  0.292929  0.4 
 0.212741  0.294693  0.4 
 0.206391  0.304768  0.4 
 0.20401  0.309951  0.4 
 0.201783  0.314844  0.4 
 0.199136  0.32492  0.4 
 0.198179  0.334996  0.4 
 0.198305  0.345072  0.4 
 0.198934  0.355147  0.4 
 0.19977  0.365223  0.4 
 0.20076  0.375299  0.4 
 0.201961  0.385375  0.4 
 0.203471  0.395451  0.4 
 0.20401  0.398345  0.4 
 0.20546  0.405527  0.4 
 0.20805  0.415602  0.4 
 0.211316  0.425678  0.4 
 0.214086  0.432813  0.4 
 0.215449  0.435754  0.4 
 0.220746  0.44583  0.4 
 0.224162  0.451785  0.4 


# Contour 2, label:      0.3
 0.361544  0.284617  0.3 
 0.355147  0.280319  0.3 
 0.345072  0.277611  0.3 
 0.334996  0.276982  0.3 
 0.32492  0.27826  0.3 
 0.314844  0.281736  0.3 
 0.309755  0.284617  0.3 
 0.304768  0.287774  0.3 
 0.296547  0.294693  0.3 
 0.294693  0.296547  0.3 
 0.287774  0.304768  0.3 
 0.284617  0.309755  0.3 
 0.281735  0.314844  0.3 
 0.27826  0.32492  0.3 
 0.276982  0.334996  0.3 
 0.277611  0.345072  0.3 
 0.280319  0.355147  0.3 
 0.284617  0.361544  0.3 
 0.294693  0.36497  0.3 
 0.304768  0.360804  0.3 
 0.313036  0.355147  0.3 
 0.314844  0.354058  0.3 
 0.32492  0.34554  0.3 
 0.325378  0.345072  0.3 
 0.334996  0.33584  0.3 
 0.33584  0.334996  0.3 
 0.345072  0.325378  0.3 
 0.34554  0.32492  0.3 
 0.354058  0.314844  0.3 
 0.355147  0.313036  0.3 
 0.360804  0.304768  0.3 
 0.36497  0.294693  0.3 
 0.361544  0.284617  0.3 

 0.577699  0.496209  0.3 
 0.576816  0.494045  0.3 
 0.571372  0.486133  0.3 
 0.56674  0.483725  0.3 
 0.556664  0.485752  0.3 
 0.556268  0.486133  0.3 
 0.546588  0.493186  0.3 
 0.543919  0.496209  0.3 
 0.536512  0.502975  0.3 
 0.533592  0.506285  0.3 
 0.526436  0.513545  0.3 
 0.523749  0.516361  0.3 
 0.516361  0.523749  0.3 
 0.513545  0.526436  0.3 
 0.506285  0.533592  0.3 
 0.502975  0.536512  0.3 
 0.496209  0.543919  0.3 
 0.493186  0.546588  0.3 
 0.486133  0.556268  0.3 
 0.485752  0.556664  0.3 
 0.483725  0.56674  0.3 
 0.486133  0.571372  0.3 
 0.494045  0.576816  0.3 
 0.496209  0.577699  0.3 
 0.506285  0.579986  0.3 
 0.516361  0.581324  0.3 
 0.526436  0.582112  0.3 
 0.536512  0.581694  0.3 
 0.546588  0.578441  0.3 
 0.549178  0.576816  0.3 
 0.556664  0.571749  0.3 
 0.562326  0.56674  0.3 
 0.56674  0.562326  0.3 
 0.571748  0.556664  0.3 
 0.576816  0.549178  0.3 
 0.578441  0.546588  0.3 
 0.581694  0.536512  0.3 
 0.582112  0.526436  0.3 
 0.581324  0.516361  0.3 
 0.579986  0.506285  0.3 
 0.577699  0.496209  0.3 

