  0.990099013       9.90098994E-03  0.506500065       1.27362384E-07  0.893899918      0.350000083    
  0.990099013       1.98019799E-02  0.506500125       1.88844794E-07  0.893899858      0.350000113    
  0.990099013       2.97029689E-02  0.506500185       3.41244174E-07  0.893899858      0.350000173    
  0.990099013       3.96039598E-02  0.506500304       5.47442596E-07  0.893899858      0.350000232    
  0.990099013       4.95049506E-02  0.506500483       7.77564594E-07  0.893899798      0.350000352    
  0.990099013       5.94059378E-02  0.506500661       1.21966229E-06  0.893899739      0.350000560    
  0.990099013       6.93069324E-02  0.506500959       1.78822415E-06  0.893899679      0.350000888    
  0.990099013       7.92079195E-02  0.506501377       2.52000450E-06  0.893899381      0.350001335    
  0.990099013       8.91089067E-02  0.506501853       3.53430551E-06  0.893899262      0.350001812    
  0.990099013       9.90099013E-02  0.506502509       4.80866765E-06  0.893899143      0.350002468    
  0.990099013      0.108910888      0.506503284       6.47509160E-06  0.893899083      0.350003183    
  0.990099013      0.118811876      0.506504416       8.52669746E-06  0.893898726      0.350004256    
  0.990099013      0.128712863      0.506505668       1.09293924E-05  0.893898368      0.350005448    
  0.990099013      0.138613865      0.506507099       1.38336391E-05  0.893898189      0.350006938    
  0.990099013      0.148514852      0.506508887       1.72345608E-05  0.893897891      0.350008667    
  0.990099013      0.158415839      0.506510913       2.10986436E-05  0.893897533      0.350010574    
  0.990099013      0.168316826      0.506513059       2.55146133E-05  0.893897533      0.350012690    
  0.990099013      0.178217813      0.506515682       3.03361230E-05  0.893897057      0.350015163    
  0.990099013      0.188118815      0.506518364       3.56388482E-05  0.893896937      0.350017756    
  0.990099013      0.198019803      0.506521404       4.13752787E-05  0.893896580      0.350020677    
  0.990099013      0.207920790      0.506524444       4.74488479E-05  0.893896580      0.350023627    
  0.990099013      0.217821777      0.506527781       5.39199900E-05  0.893896461      0.350026816    
  0.990099013      0.227722764      0.506531179       6.05598725E-05  0.893896282      0.350030184    
  0.990099013      0.237623751      0.506534636       6.71492089E-05  0.893896341      0.350033462    
  0.990099013      0.247524753      0.506538093       7.38935778E-05  0.893896222      0.350036860    
  0.990099013      0.257425725      0.506541431       8.06063108E-05  0.893896520      0.350040078    
  0.990099013      0.267326742      0.506544769       8.70408330E-05  0.893896520      0.350043356    
  0.990099013      0.277227730      0.506548345       9.34034397E-05  0.893894970      0.350046813    
  0.990099013      0.287128717      0.506566226       1.04435225E-04  0.893816411      0.350064516    
  0.990099013      0.297029704      0.507196844       3.39505059E-04  0.890592515      0.350720584    
  0.990099013      0.306930691      0.526376188       7.34140351E-03  0.807632148      0.372202277    
  0.990099013      0.316831678      0.686443150       5.15057072E-02  0.430064946      0.557105660    
  0.990099013      0.326732665      0.966204107       9.57876146E-02  0.110674642      0.911681771    
  0.990099013      0.336633652       1.09979415       9.90494341E-02   5.30406786E-03   1.09361267    
  0.990099013      0.346534640       1.09355962       8.79445747E-02   1.17192809E-02   1.08527517    
  0.990099013      0.356435627       1.08036280       8.11652765E-02   1.77441165E-02   1.06728232    
  0.990099013      0.366336614       1.08576250       7.68394321E-02   9.77356173E-03   1.07511902    
  0.990099013      0.376237631       1.09046936       7.19924644E-02   3.71110649E-03   1.08209312    
  0.990099013      0.386138618       1.09131145       6.68970868E-02   7.56397669E-04   1.08379948    
  0.990099013      0.396039605       1.09169853       6.19905852E-02  -1.87066209E-03   1.08497691    
  0.990099013      0.405940592       1.09212351       5.71856909E-02  -4.38427785E-03   1.08631706    
  0.990099013      0.415841579       1.09210873       5.24109825E-02  -6.43884530E-03   1.08715439    
  0.990099013      0.425742567       1.09170413       4.76992056E-02  -8.11079890E-03   1.08754528    
  0.990099013      0.435643554       1.09108496       4.30875160E-02  -9.51738283E-03   1.08770740    
  0.990099013      0.445544541       1.09032750       3.86043377E-02  -1.06862066E-02   1.08770609    
  0.990099013      0.455445528       1.08949435       3.42852995E-02  -1.16346795E-02   1.08757508    
  0.990099013      0.465346515       1.08866382       3.01715434E-02  -1.23889577E-02   1.08736300    
  0.990099013      0.475247502       1.08790922       2.63044666E-02  -1.29712271E-02   1.08711183    
  0.990099013      0.485148519       1.08728814       2.27221604E-02  -1.33994510E-02   1.08685064    
  0.990099013      0.495049506       1.08684230       1.94568876E-02  -1.36906477E-02   1.08660269    
  0.990099013      0.504950464       1.08659351       1.65312830E-02  -1.38611635E-02   1.08638549    
  0.990099013      0.514851451       1.08654308       1.39558651E-02  -1.39261801E-02   1.08621156    
  0.990099013      0.524752438       1.08667421       1.17277596E-02  -1.38997668E-02   1.08608961    
  0.990099013      0.534653485       1.08695638       9.83130932E-03  -1.37945628E-02   1.08602440    
  0.990099013      0.544554472       1.08735132       8.23931117E-03  -1.36215817E-02   1.08601832    
  0.990099013      0.554455459       1.08781946       6.91682054E-03  -1.33901080E-02   1.08607197    
  0.990099013      0.564356446       1.08832502       5.82421664E-03  -1.31076165E-02   1.08618450    
  0.990099013      0.574257433       1.08883965       4.92131617E-03  -1.27797937E-02   1.08635473    
  0.990099013      0.584158421       1.08934450       4.17025015E-03  -1.24108344E-02   1.08658111    
  0.990099013      0.594059408       1.08983028       3.53775057E-03  -1.20032365E-02   1.08686233    
  0.990099013      0.603960395       1.09029567       2.99672247E-03  -1.15582179E-02   1.08719766    
  0.990099013      0.613861382       1.09074593       2.52619758E-03  -1.10755749E-02   1.08758771    
  0.990099013      0.623762369       1.09119034       2.11119908E-03  -1.05543267E-02   1.08803451    
  0.990099013      0.633663356       1.09164023       1.74181594E-03  -9.99210123E-03   1.08854091    
  0.990099013      0.643564343       1.09210777       1.41251145E-03  -9.38558299E-03   1.08911157    
  0.990099013      0.653465331       1.09260488       1.12049025E-03  -8.73108115E-03   1.08975184    
  0.990099013      0.663366318       1.09314203       8.64960544E-04  -8.02474469E-03   1.09046781    
  0.990099013      0.673267305       1.09372783       6.46729488E-04  -7.26354728E-03   1.09126508    
  0.990099013      0.683168292       1.09436834       4.66540398E-04  -6.44613709E-03   1.09214699    
  0.990099013      0.693069279       1.09506607       3.25461588E-04  -5.57390926E-03   1.09311426    
  0.990099013      0.702970266       1.09581947       2.23696785E-04  -4.65229293E-03   1.09416270    
  0.990099013      0.712871253       1.09662151       1.60414245E-04  -3.69187165E-03   1.09528100    
  0.990099013      0.722772241       1.09745979       1.33373280E-04  -2.70851678E-03   1.09645152    
  0.990099013      0.732673228       1.09831619       1.38773568E-04  -1.72377937E-03   1.09764802    
  0.990099013      0.742574275       1.09916723       1.71281528E-04  -7.63945165E-04   1.09883785    
  0.990099013      0.752475262       1.09998572       2.24071453E-04   1.41887780E-04   1.09998262    
  0.990099013      0.762376249       1.10074282       2.89558200E-04   9.63320723E-04   1.10104215    
  0.990099013      0.772277236       1.10141015       3.59510013E-04   1.67227746E-03   1.10197604    
  0.990099013      0.782178223       1.10196316       4.25941806E-04   2.24530417E-03   1.10275066    
  0.990099013      0.792079210       1.10238373       4.81857656E-04   2.66644615E-03   1.10333955    
  0.990099013      0.801980197       1.10266173       5.21757931E-04   2.92920857E-03   1.10372901    
  0.990099013      0.811881185       1.10279691       5.42293419E-04   3.03733605E-03   1.10391819    
  0.990099013      0.821782172       1.10279846       5.42163849E-04   3.00427573E-03   1.10392034    
  0.990099013      0.831683159       1.10268426       5.22408693E-04   2.85212859E-03   1.10376036    
  0.990099013      0.841584146       1.10247862       4.85952274E-04   2.60849716E-03   1.10347199    
  0.990099013      0.851485133       1.10220873       4.36718954E-04   2.30392884E-03   1.10309386    
  0.990099013      0.861386120       1.10190296       3.79561156E-04   1.96833583E-03   1.10266542    
  0.990099013      0.871287107       1.10158706       3.19244718E-04   1.62844418E-03   1.10222280    
  0.990099013      0.881188095       1.10128224       2.60027620E-04   1.30560738E-03   1.10179603    
  0.990099013      0.891089082       1.10100424       2.05128788E-04   1.01503672E-03   1.10140657    
  0.990099013      0.900990069       1.10076284       1.56808979E-04   7.65476143E-04   1.10106838    
  0.990099013      0.910891056       1.10056210       1.16262359E-04   5.60195011E-04   1.10078704    
  0.990099013      0.920792043       1.10040188       8.34805687E-05   3.97860800E-04   1.10056281    
  0.990099013      0.930693030       1.10027885       5.81841596E-05   2.74280930E-04   1.10039032    
  0.990099013      0.940594018       1.10018778       3.92241163E-05   1.83597105E-04   1.10026300    
  0.990099013      0.950495005       1.10012281       2.56631047E-05   1.19242832E-04   1.10017192    
  0.990099013      0.960396051       1.10007787       1.62318756E-05   7.51177940E-05   1.10010910    
  0.990099013      0.970297039       1.10004807       1.00185089E-05   4.57692040E-05   1.10006738    
  0.990099013      0.980198026       1.10002923       6.08519440E-06   2.67131290E-05   1.10004091    
  0.990099013      0.990099013       1.10001838       3.92219272E-06   1.51212016E-05   1.10002577    
  0.990099013       1.00000000       1.10001528       3.23036602E-06   1.25581410E-05   1.10002136    
