   2.49376567E-03  0.498753130       1.00000000       0.00000000       0.00000000       1.00000000    
   4.98753134E-03  0.498753130       1.00000000       0.00000000       0.00000000       1.00000000    
   7.48129701E-03  0.498753130       1.00000000       0.00000000       0.00000000       1.00000000    
   9.97506268E-03  0.498753130       1.00000000       0.00000000       0.00000000       1.00000000    
   1.24688279E-02  0.498753130       1.00000000       0.00000000       0.00000000       1.00000000    
   1.49625940E-02  0.498753130       1.00000000       0.00000000       0.00000000       1.00000000    
   1.74563602E-02  0.498753130       1.00000000       0.00000000       0.00000000       1.00000000    
   1.99501254E-02  0.498753130       1.00000000       0.00000000       0.00000000       1.00000000    
   2.24438906E-02  0.498753130       1.00000000       0.00000000       0.00000000       1.00000000    
   2.49376558E-02  0.498753130       1.00000000       0.00000000       0.00000000       1.00000000    
   2.74314228E-02  0.498753130       1.00000000       0.00000000       0.00000000       1.00000000    
   2.99251880E-02  0.498753130       1.00000000       0.00000000       0.00000000       1.00000000    
   3.24189551E-02  0.498753130       1.00000000       0.00000000       0.00000000       1.00000000    
   3.49127203E-02  0.498753130       1.00000000       0.00000000       0.00000000       1.00000000    
   3.74064855E-02  0.498753130       1.00000000       0.00000000       0.00000000       1.00000000    
   3.99002507E-02  0.498753130       1.00000000       0.00000000       0.00000000       1.00000000    
   4.23940159E-02  0.498753130      0.999999940       6.43705320E-08   0.00000000       1.00000000    
   4.48877811E-02  0.498753130      0.999999762       2.31747180E-07   0.00000000      0.999999762    
   4.73815463E-02  0.498753130      0.999999404       6.69560166E-07   0.00000000      0.999999166    
   4.98753116E-02  0.498753130      0.999998987       1.21045525E-06   0.00000000      0.999998689    
   5.23690805E-02  0.498753130      0.999997437       3.03920797E-06   0.00000000      0.999996483    
   5.48628457E-02  0.498753130      0.999996245       4.39157611E-06   0.00000000      0.999994874    
   5.73566109E-02  0.498753130      0.999991834       9.59479348E-06   0.00000000      0.999988675    
   5.98503761E-02  0.498753130      0.999988675       1.31752222E-05   0.00000000      0.999984503    
   6.23441413E-02  0.498753130      0.999976635       2.74328995E-05   0.00000000      0.999967396    
   6.48379102E-02  0.498753130      0.999969006       3.66936038E-05   0.00000000      0.999956667    
   6.73316717E-02  0.498753130      0.999937594       7.38408489E-05   0.00000000      0.999912858    
   6.98254406E-02  0.498753130      0.999918461       9.63958228E-05   0.00000000      0.999886096    
   7.23192021E-02  0.498753130      0.999840438       1.88917504E-04   0.00000000      0.999776661    
   7.48129711E-02  0.498753130      0.999795973       2.41601650E-04   0.00000000      0.999714136    
   7.73067325E-02  0.498753130      0.999611855       4.58867871E-04   0.00000000      0.999457121    
   7.98005015E-02  0.498753130      0.999515295       5.73289813E-04   0.00000000      0.999321878    
   8.22942704E-02  0.498753130      0.999112964       1.05022779E-03   0.00000000      0.998758256    
   8.47880319E-02  0.498753130      0.998923182       1.27454137E-03   0.00000000      0.998493135    
   8.72818008E-02  0.498753130      0.998111486       2.23603891E-03   0.00000000      0.997357190    
   8.97755623E-02  0.498753130      0.997783184       2.62581185E-03   0.00000000      0.996897340    
   9.22693312E-02  0.498753130      0.996302366       4.38141543E-03   0.00000000      0.994827509    
   9.47630927E-02  0.498753130      0.995802522       4.97453194E-03   0.00000000      0.994129300    
   9.72568616E-02  0.498753130      0.993293345       7.95800053E-03   0.00000000      0.990622103    
   9.97506231E-02  0.498753130      0.992434442       8.97704065E-03   0.00000000      0.989427388    
  0.102244392      0.498753130      0.988026857       1.42384721E-02   0.00000000      0.983274102    
  0.104738161      0.498753130      0.986136854       1.64960790E-02   0.00000000      0.980643690    
  0.107231922      0.498753130      0.983565867       1.95651576E-02   0.00000000      0.977079451    
  0.109725691      0.498753130      0.976913750       2.75909845E-02   0.00000000      0.967807531    
  0.112219453      0.498753130      0.975637913       2.90945917E-02   0.00000000      0.966084599    
  0.114713222      0.498753130      0.966622412       4.00699377E-02   0.00000000      0.953539968    
  0.117206983      0.498753130      0.965265810       4.16536257E-02   0.00000000      0.951754510    
  0.119700752      0.498753130      0.952960312       5.68040535E-02   0.00000000      0.934687853    
  0.122194521      0.498753130      0.950754285       5.93953468E-02   0.00000000      0.931821942    
  0.124688283      0.498753130      0.939957559       7.29203001E-02   0.00000000      0.916844130    
  0.127182052      0.498753130      0.939262748       7.36009777E-02   0.00000000      0.916100562    
  0.129675820      0.498753130      0.928713322       8.69865865E-02   0.00000000      0.901509881    
  0.132169574      0.498753130      0.927466869       8.83641243E-02   0.00000000      0.900037229    
  0.134663343      0.498753130      0.913373947      0.106372006       0.00000000      0.880722463    
  0.137157112      0.498753130      0.911298990      0.108804867       0.00000000      0.878164828    
  0.139650881      0.498753130      0.902369857      0.120381758       0.00000000      0.865972400    
  0.142144650      0.498753130      0.901361227      0.121591225       0.00000000      0.864709616    
  0.144638404      0.498753130      0.890850723      0.135186389       0.00000000      0.850597501    
  0.147132173      0.498753130      0.889425576      0.137131706       0.00000000      0.848621130    
  0.149625942      0.498753130      0.874855161      0.156165093       0.00000000      0.829258382    
  0.152119711      0.498753130      0.874011576      0.157360300       0.00000000      0.828038752    
  0.154613465      0.498753130      0.868835211      0.164021090       0.00000000      0.821338296    
  0.157107234      0.498753130      0.858862579      0.177420050       0.00000000      0.808036745    
  0.159601003      0.498753130      0.857841492      0.178661078       0.00000000      0.806827128    
  0.162094772      0.498753130      0.845519304      0.195368871       0.00000000      0.790515363    
  0.164588541      0.498753130      0.844801843      0.196232945       0.00000000      0.789705634    
  0.167082295      0.498753130      0.834392428      0.210512757       0.00000000      0.775998950    
  0.169576064      0.498753130      0.833576024      0.211520731       0.00000000      0.775034547    
  0.172069833      0.498753130      0.822175503      0.227310553       0.00000000      0.760135770    
  0.174563602      0.498753130      0.820363045      0.229755774       0.00000000      0.757891357    
  0.177057356      0.498753130      0.810449660      0.243613452       0.00000000      0.745002866    
  0.179551125      0.498753130      0.809475780      0.244915426       0.00000000      0.743832052    
  0.182044894      0.498753130      0.798586547      0.260336578       0.00000000      0.729782820    
  0.184538662      0.498753130      0.797960818      0.261166900       0.00000000      0.729051232    
  0.187032431      0.498753130      0.785993695      0.278289258       0.00000000      0.713714123    
  0.189526185      0.498753130      0.785777569      0.278528392       0.00000000      0.713512897    
  0.192019954      0.498753130      0.775493443      0.293442249       0.00000000      0.700410962    
  0.194513723      0.498753130      0.774869919      0.294289082       0.00000000      0.699675381    
  0.197007492      0.498753130      0.763887644      0.310359538       0.00000000      0.685774803    
  0.199501246      0.498753130      0.762605131      0.312206835       0.00000000      0.684221923    
  0.201995015      0.498753130      0.752658069      0.326942921       0.00000000      0.671695590    
  0.204488784      0.498753130      0.751929224      0.327991724       0.00000000      0.670834780    
  0.206982553      0.498753130      0.741650045      0.343393892       0.00000000      0.657987535    
  0.209476322      0.498753130      0.741178691      0.344061792       0.00000000      0.657445312    
  0.211970076      0.498753130      0.730501890      0.360248059       0.00000000      0.644182622    
  0.214463845      0.498753130      0.730398715      0.360371560       0.00000000      0.644095302    
  0.216957614      0.498753130      0.719438791      0.377187908       0.00000000      0.630563736    
  0.219451383      0.498753130      0.719407022      0.377195358       0.00000000      0.630564928    
  0.221945152      0.498753130      0.708786845      0.393683046       0.00000000      0.617532909    
  0.224438906      0.498753130      0.708723903      0.393751919       0.00000000      0.617489517    
  0.226932675      0.498753130      0.697856784      0.410823345       0.00000000      0.604239225    
  0.229426444      0.498753130      0.697853923      0.410792023       0.00000000      0.604270220    
  0.231920213      0.498753130      0.688142002      0.426236838       0.00000000      0.592503071    
  0.234413967      0.498753130      0.686783850      0.428384990       0.00000000      0.590898097    
  0.236907735      0.498753130      0.677746475      0.442905277       0.00000000      0.580005229    
  0.239401504      0.498753130      0.677120626      0.443907499       0.00000000      0.579280019    
  0.241895273      0.498753130      0.667558193      0.459478080       0.00000000      0.567836702    
  0.244389042      0.498753130      0.667263567      0.459947169       0.00000000      0.567505300    
  0.246882796      0.498753130      0.657251835      0.476438344       0.00000000      0.555593908    
  0.249376565      0.498753130      0.656688213      0.477340579       0.00000000      0.554954946    
  0.251870334      0.498753130      0.647623181      0.492466539       0.00000000      0.544234455    
  0.254364103      0.498753130      0.647111773      0.493310094       0.00000000      0.543649197    
  0.256857872      0.498753130      0.637572169      0.509421349       0.00000000      0.532444835    
  0.259351641      0.498753130      0.637410522      0.509671986       0.00000000      0.532272995    
  0.261845410      0.498753130      0.627791584      0.526101410       0.00000000      0.521040320    
  0.264339149      0.498753130      0.627737403      0.526179612       0.00000000      0.520995915    
  0.266832918      0.498753130      0.617777050      0.543420851       0.00000000      0.509439290    
  0.269326687      0.498753130      0.617630064      0.543660283       0.00000000      0.509287775    
  0.271820456      0.498753130      0.608441889      0.559757888       0.00000000      0.498697668    
  0.274314225      0.498753130      0.608300328      0.559992254       0.00000000      0.498545200    
  0.276807994      0.498753130      0.599344730      0.575866759       0.00000000      0.488286555    
  0.279301763      0.498753130      0.599121571      0.576254904       0.00000000      0.488045752    
  0.281795532      0.498753130      0.589843929      0.592916667       0.00000000      0.477481633    
  0.284289300      0.498753130      0.589824855      0.592935085       0.00000000      0.477470368    
  0.286783040      0.498753130      0.580799997      0.609328091       0.00000000      0.467261761    
  0.289276809      0.498753130      0.580749094      0.609421909       0.00000000      0.467212468    
  0.291770577      0.498753130      0.571533680      0.626409411       0.00000000      0.456847787    
  0.294264346      0.498753130      0.571390688      0.626659274       0.00000000      0.456699967    
  0.296758115      0.498753130      0.562795162      0.642665625       0.00000000      0.447104424    
  0.299251884      0.498753130      0.562577546      0.643061459       0.00000000      0.446868002    
  0.301745653      0.498753130      0.553895056      0.659449100       0.00000000      0.437230378    
  0.304239422      0.498753130      0.553688169      0.659837663       0.00000000      0.437013417    
  0.306733191      0.498753130      0.544974387      0.676501393       0.00000000      0.427407444    
  0.309226930      0.498753130      0.544914901      0.676604033       0.00000000      0.427349508    
  0.311720699      0.498753130      0.536285341      0.693302631       0.00000000      0.417898774    
  0.314214468      0.498753130      0.536255181      0.693347692       0.00000000      0.417874992    
  0.316708237      0.498753130      0.527813017      0.709905684       0.00000000      0.408687770    
  0.319202006      0.498753130      0.527775347      0.709976375       0.00000000      0.408653706    
  0.321695775      0.498753130      0.519176304      0.727054596       0.00000000      0.399356872    
  0.324189544      0.498753130      0.519077480      0.727240920       0.00000000      0.399257004    
  0.326683313      0.498753130      0.511141300      0.743213415       0.00000000      0.390732229    
  0.329177082      0.498753130      0.510933399      0.743639290       0.00000000      0.390510738    
  0.331670821      0.498753130      0.502755344      0.760318637       0.00000000      0.381778002    
  0.334164590      0.498753130      0.502506196      0.760824859       0.00000000      0.381519556    
  0.336658359      0.498753130      0.494809419      0.776705325       0.00000000      0.373358101    
  0.339152128      0.498753130      0.494586110      0.777172923       0.00000000      0.373126328    
  0.341645896      0.498753130      0.486667842      0.793741226       0.00000000      0.364787042    
  0.344139665      0.498753130      0.486645043      0.793785095       0.00000000      0.364768326    
  0.346633434      0.498753130      0.478739798      0.810533345       0.00000000      0.356496990    
  0.349127203      0.498753130      0.478713453      0.810578704       0.00000000      0.356473386    
  0.351620972      0.498753130      0.470974714      0.827187896       0.00000000      0.348429859    
  0.354114711      0.498753130      0.470827073      0.827507079       0.00000000      0.348281175    
  0.356608480      0.498753130      0.463350594      0.843784213       0.00000000      0.340561718    
  0.359102249      0.498753130      0.463230222      0.844049215       0.00000000      0.340436965    
  0.361596018      0.498753130      0.455652922      0.860750020       0.00000000      0.332659900    
  0.364089787      0.498753130      0.455606431      0.860845804       0.00000000      0.332613438    
  0.366583556      0.498753130      0.448141724      0.877516866       0.00000000      0.325007290    
  0.369077325      0.498753130      0.448067665      0.877688646       0.00000000      0.324934542    
  0.371571094      0.498753130      0.440848589      0.894043386       0.00000000      0.317628652    
  0.374064863      0.498753130      0.440776944      0.894215286       0.00000000      0.317556322    
  0.376558602      0.498753130      0.434239745      0.909208000       0.00000000      0.310979307    
  0.379052371      0.498753130      0.434158772      0.909386694       0.00000000      0.310897171    
  0.381546140      0.498753130      0.429392457      0.920414448       0.00000000      0.306127876    
  0.384039909      0.498753130      0.429364651      0.920475900       0.00000000      0.306100130    
  0.386533678      0.498753130      0.427230358      0.925445795       0.00000000      0.303971976    
  0.389027447      0.498753130      0.427232534      0.925442994       0.00000000      0.303974509    
  0.391521215      0.498753130      0.426709980      0.926672935       0.00000000      0.303455144    
  0.394014984      0.498753130      0.426710367      0.926677048       0.00000000      0.303457111    
  0.396508753      0.498753130      0.426463068      0.927256942       0.00000000      0.303212821    
  0.399002492      0.498753130      0.426259100      0.927742183       0.00000000      0.303008765    
  0.401496261      0.498753130      0.426037133      0.928251803       0.00000000      0.302786857    
  0.403990030      0.498753130      0.426059455      0.928194106       0.00000000      0.302807212    
  0.406483799      0.498753130      0.426119566      0.928049028       0.00000000      0.302863091    
  0.408977568      0.498753130      0.426217407      0.927819848       0.00000000      0.302955657    
  0.411471337      0.498753130      0.426292121      0.927665055       0.00000000      0.303029686    
  0.413965106      0.498753130      0.426290721      0.927691758       0.00000000      0.303026229    
  0.416458875      0.498753130      0.426268935      0.927759945       0.00000000      0.303003788    
  0.418952644      0.498753130      0.426235139      0.927838385       0.00000000      0.302971363    
  0.421446413      0.498753130      0.426233232      0.927834213       0.00000000      0.302969337    
  0.423940152      0.498753130      0.426214069      0.927859724       0.00000000      0.302951306    
  0.426433921      0.498753130      0.426172853      0.927946448       0.00000000      0.302911103    
  0.428927690      0.498753130      0.426171571      0.927951634       0.00000000      0.302910656    
  0.431421459      0.498753130      0.426189661      0.927912414       0.00000000      0.302929044    
  0.433915228      0.498753130      0.426221937      0.927838743       0.00000000      0.302961022    
  0.436408997      0.498753130      0.426217973      0.927843928       0.00000000      0.302957207    
  0.438902766      0.498753130      0.426197976      0.927887559       0.00000000      0.302936316    
  0.441396534      0.498753130      0.426186353      0.927915692       0.00000000      0.302926034    
  0.443890303      0.498753130      0.426194638      0.927908242       0.00000000      0.302933365    
  0.446384043      0.498753130      0.426211238      0.927875221       0.00000000      0.302950472    
  0.448877811      0.498753130      0.426241726      0.927807927       0.00000000      0.302981585    
  0.451371580      0.498753130      0.426252186      0.927781761       0.00000000      0.302992076    
  0.453865349      0.498753130      0.426289916      0.927683771       0.00000000      0.303030699    
  0.456359118      0.498753130      0.426315188      0.927610874       0.00000000      0.303054422    
  0.458852887      0.498753130      0.426312238      0.927615881       0.00000000      0.303050488    
  0.461346656      0.498753130      0.426313668      0.927614152       0.00000000      0.303050727    
  0.463840425      0.498753130      0.426317573      0.927610338       0.00000000      0.303052574    
  0.466334194      0.498753130      0.426325083      0.927601933       0.00000000      0.303057045    
  0.468827933      0.498753130      0.426344007      0.927571893       0.00000000      0.303071678    
  0.471321702      0.498753130      0.426374465      0.927508593       0.00000000      0.303099126    
  0.473815471      0.498753130      0.426432759      0.927378416       0.00000000      0.303154826    
  0.476309240      0.498753130      0.426433623      0.927380085       0.00000000      0.303156704    
  0.478803009      0.498753130      0.426426470      0.927400649       0.00000000      0.303149730    
  0.481296778      0.498753130      0.426407397      0.927442849       0.00000000      0.303132474    
  0.483790547      0.498753130      0.426379591      0.927500784       0.00000000      0.303107858    
  0.486284316      0.498753130      0.426380664      0.927485287       0.00000000      0.303110063    
  0.488778085      0.498753130      0.426388264      0.927451670       0.00000000      0.303119153    
  0.491271824      0.498753130      0.426407814      0.927400529       0.00000000      0.303138584    
  0.493765593      0.498753130      0.426454812      0.927290082       0.00000000      0.303184777    
  0.496259362      0.498753130      0.426455170      0.927292585       0.00000000      0.303186029    
  0.498753130      0.498753130      0.426459998      0.927290142       0.00000000      0.303191692    
  0.501246929      0.498753130      0.426433891      0.927363992       0.00000000      0.303164959    
  0.503740668      0.498753130      0.426366985      0.927526236       0.00000000      0.303099036    
  0.506234407      0.498753130      0.426369280      0.927518606       0.00000000      0.303101271    
  0.508728206      0.498753130      0.426371396      0.927505672       0.00000000      0.303103775    
  0.511221945      0.498753130      0.426379114      0.927475691       0.00000000      0.303112537    
  0.513715744      0.498753130      0.426415473      0.927379787       0.00000000      0.303149909    
  0.516209483      0.498753130      0.426414341      0.927378058       0.00000000      0.303149849    
  0.518703282      0.498753130      0.426405579      0.927392781       0.00000000      0.303143054    
  0.521197021      0.498753130      0.426382154      0.927444160       0.00000000      0.303121924    
  0.523690820      0.498753130      0.426325291      0.927572608       0.00000000      0.303069174    
  0.526184559      0.498753130      0.426325202      0.927571416       0.00000000      0.303071588    
  0.528678298      0.498753130      0.426317722      0.927586138       0.00000000      0.303066850    
  0.531172097      0.498753130      0.426365644      0.927472889       0.00000000      0.303114980    
  0.533665836      0.498753130      0.426366568      0.927465022       0.00000000      0.303121448    
  0.536159635      0.498753130      0.426363438      0.927463651       0.00000000      0.303122014    
  0.538653374      0.498753130      0.426372141      0.927432835       0.00000000      0.303133219    
  0.541147172      0.498753130      0.426369131      0.927413940       0.00000000      0.303136021    
  0.543640912      0.498753130      0.426317632      0.927518129       0.00000000      0.303092033    
  0.546134710      0.498753130      0.426299870      0.927550554       0.00000000      0.303077340    
  0.548628449      0.498753130      0.426297635      0.927545428       0.00000000      0.303081214    
  0.551122189      0.498753130      0.426347554      0.927418292       0.00000000      0.303133726    
  0.553615987      0.498753130      0.426346838      0.927404284       0.00000000      0.303146243    
  0.556109726      0.498753130      0.426331758      0.927422106       0.00000000      0.303136855    
  0.558603525      0.498753130      0.426324844      0.927415133       0.00000000      0.303141057    
  0.561097264      0.498753130      0.426282644      0.927478194       0.00000000      0.303116292    
  0.563591063      0.498753130      0.426279038      0.927444875       0.00000000      0.303128392    
  0.566084802      0.498753130      0.426220924      0.927542448       0.00000000      0.303086042    
  0.568578601      0.498753130      0.426233679      0.927477479       0.00000000      0.303110421    
  0.571072340      0.498753130      0.426278412      0.927332580       0.00000000      0.303166002    
  0.573566079      0.498753130      0.426280260      0.927278042       0.00000000      0.303201169    
  0.576059878      0.498753130      0.426264763      0.927251041       0.00000000      0.303214878    
  0.578553617      0.498753130      0.426154792      0.927426815       0.00000000      0.303149402    
  0.581047416      0.498753130      0.426162809      0.927328646       0.00000000      0.303196847    
  0.583541155      0.498753130      0.426082164      0.927421987       0.00000000      0.303153515    
  0.586034954      0.498753130      0.426013172      0.927466691       0.00000000      0.303114980    
  0.588528693      0.498753130      0.425943315      0.927477598       0.00000000      0.303135425    
  0.591022491      0.498753130      0.425963908      0.927255809       0.00000000      0.303228617    
  0.593516231      0.498753130      0.425886601      0.927270174       0.00000000      0.303196996    
  0.596009970      0.498753130      0.425815314      0.927287161       0.00000000      0.303185463    
  0.598503768      0.498753130      0.425715506      0.927411139       0.00000000      0.303136230    
  0.600997508      0.498753130      0.425660759      0.927426934       0.00000000      0.303136855    
  0.603491306      0.498753130      0.425584495      0.927458525       0.00000000      0.303129047    
  0.605985045      0.498753130      0.425411731      0.927650869       0.00000000      0.303026408    
  0.608478844      0.498753130      0.425314426      0.927468717       0.00000000      0.303130805    
  0.610972583      0.498753130      0.424953938      0.927495003       0.00000000      0.303083688    
  0.613466382      0.498753130      0.424406946      0.927253664       0.00000000      0.303219050    
  0.615960121      0.498753130      0.423115730      0.927534759       0.00000000      0.303117216    
  0.618453860      0.498753130      0.421087265      0.927466929       0.00000000      0.303155929    
  0.620947659      0.498753130      0.417557269      0.927517474       0.00000000      0.303137392    
  0.623441398      0.498753130      0.411739916      0.927513480       0.00000000      0.303134292    
  0.625935197      0.498753130      0.402137935      0.928007543       0.00000000      0.302916646    
  0.628428936      0.498753130      0.387470216      0.927369416       0.00000000      0.303164989    
  0.630922735      0.498753130      0.364322782      0.927356839       0.00000000      0.303149879    
  0.633416474      0.498753130      0.329592258      0.928387105       0.00000000      0.303503215    
  0.635910273      0.498753130      0.297784835      0.929150403       0.00000000      0.303738564    
  0.638404012      0.498753130      0.280317307      0.925788641       0.00000000      0.302599937    
  0.640897751      0.498753130      0.271559685      0.923614502       0.00000000      0.301970780    
  0.643391550      0.498753130      0.267467231      0.924736679       0.00000000      0.302035570    
  0.645885289      0.498753130      0.265873164      0.925793231       0.00000000      0.302466929    
  0.648379087      0.498753130      0.265273958      0.928209543       0.00000000      0.303345382    
  0.650872827      0.498753130      0.265324265      0.930925608       0.00000000      0.304281175    
  0.653366625      0.498753130      0.265265852      0.931574166       0.00000000      0.304433703    
  0.655860364      0.498753130      0.265191615      0.931105375       0.00000000      0.304330081    
  0.658354163      0.498753130      0.264542818      0.927392364       0.00000000      0.303104371    
  0.660847902      0.498753130      0.264151871      0.925044477       0.00000000      0.302284002    
  0.663341641      0.498753130      0.264239907      0.924730062       0.00000000      0.302206069    
  0.665835440      0.498753130      0.264457792      0.924609244       0.00000000      0.302181304    
  0.668329179      0.498753130      0.264731020      0.924792767       0.00000000      0.302275717    
  0.670822978      0.498753130      0.265250713      0.926619947       0.00000000      0.302898020    
  0.673316717      0.498753130      0.265913218      0.929643333       0.00000000      0.303867847    
  0.675810516      0.498753130      0.266073853      0.930237472       0.00000000      0.304060549    
  0.678304255      0.498753130      0.266121447      0.930139482       0.00000000      0.304076880    
  0.680798054      0.498753130      0.266080558      0.929799020       0.00000000      0.303957790    
  0.683291793      0.498753130      0.265606195      0.927474737       0.00000000      0.303147107    
  0.685785532      0.498753130      0.265177935      0.925329387       0.00000000      0.302422941    
  0.688279331      0.498753130      0.265135944      0.925005794       0.00000000      0.302328795    
  0.690773070      0.498753130      0.265160054      0.924940526       0.00000000      0.302348942    
  0.693266869      0.498753130      0.265205890      0.925272107       0.00000000      0.302423805    
  0.695760608      0.498753130      0.265573740      0.927134514       0.00000000      0.303048342    
  0.698254406      0.498753130      0.266031146      0.929323196       0.00000000      0.303833961    
  0.700748146      0.498753130      0.266086012      0.929718077       0.00000000      0.303963512    
  0.703241944      0.498753130      0.266048908      0.929762602       0.00000000      0.303949445    
  0.705735683      0.498753130      0.265945256      0.929395616       0.00000000      0.303837448    
  0.708229423      0.498753130      0.265488684      0.927298844       0.00000000      0.303121299    
  0.710723221      0.498753130      0.265115321      0.925548613       0.00000000      0.302518755    
  0.713216960      0.498753130      0.265066862      0.925326169       0.00000000      0.302430511    
  0.715710759      0.498753130      0.265075803      0.925348282       0.00000000      0.302427173    
  0.718204498      0.498753130      0.265166640      0.925590634       0.00000000      0.302534372    
  0.720698297      0.498753130      0.265559435      0.927310765       0.00000000      0.303111166    
  0.723192036      0.498753130      0.265959918      0.929153740       0.00000000      0.303699493    
  0.725685835      0.498753130      0.266035855      0.929490566       0.00000000      0.303787231    
  0.728179574      0.498753130      0.266067088      0.929419875       0.00000000      0.303793848    
  0.730673313      0.498753130      0.266037464      0.929143488       0.00000000      0.303704441    
  0.733167112      0.498753130      0.265668720      0.927513719       0.00000000      0.303091288    
  0.735660851      0.498753130      0.265325904      0.925924659       0.00000000      0.302567333    
  0.738154650      0.498753130      0.265273094      0.925661623       0.00000000      0.302501500    
  0.740648389      0.498753130      0.265258759      0.925659239       0.00000000      0.302509308    
  0.743142188      0.498753130      0.265268594      0.925928533       0.00000000      0.302582055    
  0.745635927      0.498753130      0.265538335      0.927445412       0.00000000      0.303074688    
  0.748129725      0.498753130      0.265821725      0.928855956       0.00000000      0.303570747    
  0.750623465      0.498753130      0.265854746      0.929047227       0.00000000      0.303667247    
  0.753117204      0.498753130      0.265839368      0.929048955       0.00000000      0.303669661    
  0.755611002      0.498753130      0.265763640      0.928917825       0.00000000      0.303573132    
  0.758104742      0.498753130      0.265487492      0.927570999       0.00000000      0.303125739    
  0.760598540      0.498753130      0.265240520      0.926240623       0.00000000      0.302718878    
  0.763092279      0.498753130      0.265218019      0.926040411       0.00000000      0.302674115    
  0.765586078      0.498753130      0.265211552      0.926136076       0.00000000      0.302636534    
  0.768079817      0.498753130      0.265263587      0.926392794       0.00000000      0.302681834    
  0.770573616      0.498753130      0.265566200      0.927472115       0.00000000      0.303126246    
  0.773067355      0.498753130      0.265837908      0.928597271       0.00000000      0.303507298    
  0.775561094      0.498753130      0.265883416      0.928786993       0.00000000      0.303551555    
  0.778054893      0.498753130      0.265893966      0.928791821       0.00000000      0.303543121    
  0.780548632      0.498753130      0.265878677      0.928600311       0.00000000      0.303488165    
  0.783042431      0.498753130      0.265681863      0.927482367       0.00000000      0.303164959    
  0.785536170      0.498753130      0.265452802      0.926345766       0.00000000      0.302814484    
  0.788029969      0.498753130      0.265361965      0.926310301       0.00000000      0.302703053    
  0.790523708      0.498753130      0.265337557      0.926369429       0.00000000      0.302701116    
  0.793017507      0.498753130      0.265417635      0.926163256       0.00000000      0.302863926    
  0.795511246      0.498753130      0.265538752      0.927299380       0.00000000      0.303124100    
  0.798004985      0.498753130      0.265699327      0.928640008       0.00000000      0.303391188    
  0.800498784      0.498753130      0.265786648      0.928627729       0.00000000      0.303549469    
  0.802992523      0.498753130      0.265820712      0.928471923       0.00000000      0.303607076    
  0.805486321      0.498753130      0.265712887      0.928619146       0.00000000      0.303450912    
  0.807980061      0.498753130      0.265549392      0.927661777       0.00000000      0.303188115    
  0.810473859      0.498753130      0.265338361      0.926477194       0.00000000      0.302848816    
  0.812967598      0.498753130      0.265299410      0.926282465       0.00000000      0.302760094    
  0.815461397      0.498753130      0.265316159      0.926248729       0.00000000      0.302762061    
  0.817955136      0.498753130      0.265375614      0.926305473       0.00000000      0.302813321    
  0.820448935      0.498753130      0.265523195      0.927129447       0.00000000      0.303012729    
  0.822942674      0.498753130      0.265817642      0.928254247       0.00000000      0.303471297    
  0.825436413      0.498753130      0.265924215      0.928416550       0.00000000      0.303614408    
  0.827930212      0.498753130      0.265883476      0.928810418       0.00000000      0.303530157    
  0.830423951      0.498753130      0.265859663      0.928831935       0.00000000      0.303471059    
  0.832917750      0.498753130      0.265858859      0.927292943       0.00000000      0.303435147    
  0.835411489      0.498753130      0.263157576      0.915427208       0.00000000      0.299193949    
  0.837905288      0.498753130      0.229214519      0.742407203       0.00000000      0.246549666    
  0.840399027      0.498753130      0.143798217      0.162370294       0.00000000      0.123547845    
  0.842892826      0.498753130      0.126429647       1.21407397E-02   0.00000000      0.101616710    
  0.845386565      0.498753130      0.125086039       7.29172432E-04   0.00000000      0.100096449    
  0.847880304      0.498753130      0.125005201       4.41045850E-05   0.00000000      0.100005850    
  0.850374103      0.498753130      0.125000313       2.70352893E-06   0.00000000      0.100000352    
  0.852867842      0.498753130      0.125000015       6.43703189E-08   0.00000000      0.100000031    
  0.855361640      0.498753130      0.125000000       0.00000000       0.00000000      0.100000009    
  0.857855380      0.498753130      0.125000000       0.00000000       0.00000000      0.100000009    
  0.860349178      0.498753130      0.125000000       0.00000000       0.00000000      0.100000009    
  0.862842917      0.498753130      0.125000000       0.00000000       0.00000000      0.100000009    
  0.865336716      0.498753130      0.125000000       0.00000000       0.00000000      0.100000009    
  0.867830455      0.498753130      0.125000000       0.00000000       0.00000000      0.100000009    
  0.870324194      0.498753130      0.125000000       0.00000000       0.00000000      0.100000009    
  0.872817993      0.498753130      0.125000000       0.00000000       0.00000000      0.100000009    
  0.875311732      0.498753130      0.125000000       0.00000000       0.00000000      0.100000009    
  0.877805531      0.498753130      0.125000000       0.00000000       0.00000000      0.100000009    
  0.880299270      0.498753130      0.125000000       0.00000000       0.00000000      0.100000009    
  0.882793069      0.498753130      0.125000000       0.00000000       0.00000000      0.100000009    
  0.885286808      0.498753130      0.125000000       0.00000000       0.00000000      0.100000009    
  0.887780607      0.498753130      0.125000000       0.00000000       0.00000000      0.100000009    
  0.890274346      0.498753130      0.125000000       0.00000000       0.00000000      0.100000009    
  0.892768085      0.498753130      0.125000000       0.00000000       0.00000000      0.100000009    
  0.895261884      0.498753130      0.125000000       0.00000000       0.00000000      0.100000009    
  0.897755623      0.498753130      0.125000000       0.00000000       0.00000000      0.100000009    
  0.900249422      0.498753130      0.125000000       0.00000000       0.00000000      0.100000009    
  0.902743161      0.498753130      0.125000000       0.00000000       0.00000000      0.100000009    
  0.905236959      0.498753130      0.125000000       0.00000000       0.00000000      0.100000009    
  0.907730699      0.498753130      0.125000000       0.00000000       0.00000000      0.100000009    
  0.910224497      0.498753130      0.125000000       0.00000000       0.00000000      0.100000009    
  0.912718236      0.498753130      0.125000000       0.00000000       0.00000000      0.100000009    
  0.915211976      0.498753130      0.125000000       0.00000000       0.00000000      0.100000009    
  0.917705774      0.498753130      0.125000000       0.00000000       0.00000000      0.100000009    
  0.920199513      0.498753130      0.125000000       0.00000000       0.00000000      0.100000009    
  0.922693312      0.498753130      0.125000000       0.00000000       0.00000000      0.100000009    
  0.925187051      0.498753130      0.125000000       0.00000000       0.00000000      0.100000009    
  0.927680850      0.498753130      0.125000000       0.00000000       0.00000000      0.100000009    
  0.930174589      0.498753130      0.125000000       0.00000000       0.00000000      0.100000009    
  0.932668388      0.498753130      0.125000000       0.00000000       0.00000000      0.100000009    
  0.935162127      0.498753130      0.125000000       0.00000000       0.00000000      0.100000009    
  0.937655866      0.498753130      0.125000000       0.00000000       0.00000000      0.100000009    
  0.940149665      0.498753130      0.125000000       0.00000000       0.00000000      0.100000009    
  0.942643404      0.498753130      0.125000000       0.00000000       0.00000000      0.100000009    
  0.945137203      0.498753130      0.125000000       0.00000000       0.00000000      0.100000009    
  0.947630942      0.498753130      0.125000000       0.00000000       0.00000000      0.100000009    
  0.950124741      0.498753130      0.125000000       0.00000000       0.00000000      0.100000009    
  0.952618480      0.498753130      0.125000000       0.00000000       0.00000000      0.100000009    
  0.955112278      0.498753130      0.125000000       0.00000000       0.00000000      0.100000009    
  0.957606018      0.498753130      0.125000000       0.00000000       0.00000000      0.100000009    
  0.960099757      0.498753130      0.125000000       0.00000000       0.00000000      0.100000009    
  0.962593555      0.498753130      0.125000000       0.00000000       0.00000000      0.100000009    
  0.965087295      0.498753130      0.125000000       0.00000000       0.00000000      0.100000009    
  0.967581093      0.498753130      0.125000000       0.00000000       0.00000000      0.100000009    
  0.970074832      0.498753130      0.125000000       0.00000000       0.00000000      0.100000009    
  0.972568631      0.498753130      0.125000000       0.00000000       0.00000000      0.100000009    
  0.975062370      0.498753130      0.125000000       0.00000000       0.00000000      0.100000009    
  0.977556169      0.498753130      0.125000000       0.00000000       0.00000000      0.100000009    
  0.980049908      0.498753130      0.125000000       0.00000000       0.00000000      0.100000009    
  0.982543647      0.498753130      0.125000000       0.00000000       0.00000000      0.100000009    
  0.985037446      0.498753130      0.125000000       0.00000000       0.00000000      0.100000009    
  0.987531185      0.498753130      0.125000000       0.00000000       0.00000000      0.100000009    
  0.990024984      0.498753130      0.125000000       0.00000000       0.00000000      0.100000009    
  0.992518723      0.498753130      0.125000000       0.00000000       0.00000000      0.100000009    
  0.995012522      0.498753130      0.125000000       0.00000000       0.00000000      0.100000009    
  0.997506261      0.498753130      0.125000000       0.00000000       0.00000000      0.100000009    
   1.00000000      0.498753130      0.125000000       0.00000000       0.00000000      0.100000009    
