   2.49376567E-03  0.498753130      0.213133067     -0.725899935     -0.842237532      0.115796104    
   4.98753134E-03  0.498753130      0.213133067     -0.725899935     -0.842237532      0.115796104    
   7.48129701E-03  0.498753130      0.213133082     -0.725899875     -0.842237532      0.115796104    
   9.97506268E-03  0.498753130      0.213133067     -0.725899935     -0.842237592      0.115796104    
   1.24688279E-02  0.498753130      0.213133082     -0.725899875     -0.842237532      0.115796104    
   1.49625940E-02  0.498753130      0.213133067     -0.725899935     -0.842237592      0.115796082    
   1.74563602E-02  0.498753130      0.213133067     -0.725899935     -0.842237532      0.115796082    
   1.99501254E-02  0.498753130      0.213133052     -0.725900054     -0.842237532      0.115796082    
   2.24438906E-02  0.498753130      0.213133067     -0.725899994     -0.842237473      0.115796082    
   2.49376558E-02  0.498753130      0.213133082     -0.725899935     -0.842237413      0.115796119    
   2.74314228E-02  0.498753130      0.213133067     -0.725899935     -0.842237592      0.115796082    
   2.99251880E-02  0.498753130      0.213133067     -0.725899816     -0.842237532      0.115796097    
   3.24189551E-02  0.498753130      0.213133067     -0.725899935     -0.842237532      0.115796082    
   3.49127203E-02  0.498753130      0.213133067     -0.725899935     -0.842237592      0.115796097    
   3.74064855E-02  0.498753130      0.213133067     -0.725899994     -0.842237592      0.115796082    
   3.99002507E-02  0.498753130      0.213133067     -0.725899994     -0.842237592      0.115796104    
   4.23940159E-02  0.498753130      0.213133082     -0.725899875     -0.842237532      0.115796104    
   4.48877811E-02  0.498753130      0.213133067     -0.725899935     -0.842237592      0.115796097    
   4.73815463E-02  0.498753130      0.213133067     -0.725899816     -0.842237532      0.115796097    
   4.98753116E-02  0.498753130      0.213133067     -0.725899816     -0.842237532      0.115796097    
   5.23690805E-02  0.498753130      0.213133052     -0.725899816     -0.842237592      0.115796097    
   5.48628457E-02  0.498753130      0.213133052     -0.725899816     -0.842237532      0.115796082    
   5.73566109E-02  0.498753130      0.213133052     -0.725899875     -0.842237532      0.115796082    
   5.98503761E-02  0.498753130      0.213133052     -0.725899816     -0.842237532      0.115796104    
   6.23441413E-02  0.498753130      0.213133037     -0.725899875     -0.842237592      0.115796067    
   6.48379102E-02  0.498753130      0.213133022     -0.725899696     -0.842237651      0.115796067    
   6.73316717E-02  0.498753130      0.213132992     -0.725899756     -0.842237651      0.115796044    
   6.98254406E-02  0.498753130      0.213132977     -0.725899577     -0.842237592      0.115796007    
   7.23192021E-02  0.498753130      0.213132933     -0.725899398     -0.842237592      0.115795985    
   7.48129711E-02  0.498753130      0.213132903     -0.725899160     -0.842237473      0.115795985    
   7.73067325E-02  0.498753130      0.213132814     -0.725898802     -0.842237473      0.115795903    
   7.98005015E-02  0.498753130      0.213132709     -0.725898385     -0.842237413      0.115795799    
   8.22942704E-02  0.498753130      0.213132560     -0.725897789     -0.842237353      0.115795709    
   8.47880319E-02  0.498753130      0.213132337     -0.725896895     -0.842237234      0.115795523    
   8.72818008E-02  0.498753130      0.213132054     -0.725895643     -0.842237055      0.115795322    
   8.97755623E-02  0.498753130      0.213131607     -0.725894094     -0.842236996      0.115795009    
   9.22693312E-02  0.498753130      0.213131085     -0.725891829     -0.842236638      0.115794592    
   9.47630927E-02  0.498753130      0.213130370     -0.725888968     -0.842236400      0.115794033    
   9.72568616E-02  0.498753130      0.213129416     -0.725885153     -0.842235982      0.115793318    
   9.97506231E-02  0.498753130      0.213128194     -0.725880146     -0.842235506      0.115792386    
  0.102244392      0.498753130      0.213126630     -0.725873649     -0.842234790      0.115791194    
  0.104738161      0.498753130      0.213124663     -0.725865483     -0.842233777      0.115789689    
  0.107231922      0.498753130      0.213122174     -0.725855350     -0.842232704      0.115787782    
  0.109725691      0.498753130      0.213119105     -0.725842774     -0.842231274      0.115785472    
  0.112219453      0.498753130      0.213115335     -0.725827396     -0.842229664      0.115782589    
  0.114713222      0.498753130      0.213110775     -0.725808799     -0.842227757      0.115779117    
  0.117206983      0.498753130      0.213105306     -0.725786567     -0.842225432      0.115774959    
  0.119700752      0.498753130      0.213098854     -0.725760162     -0.842222691      0.115770057    
  0.122194521      0.498753130      0.213091314     -0.725729346     -0.842219651      0.115764327    
  0.124688283      0.498753130      0.213082597     -0.725693583     -0.842216134      0.115757681    
  0.127182052      0.498753130      0.213072628     -0.725652814     -0.842212260      0.115750089    
  0.129675820      0.498753130      0.213061363     -0.725606799     -0.842208028      0.115741529    
  0.132169574      0.498753130      0.213048786     -0.725555182     -0.842203379      0.115731969    
  0.134663343      0.498753130      0.213034883     -0.725498199     -0.842198610      0.115721360    
  0.137157112      0.498753130      0.213019669     -0.725435853     -0.842193663      0.115709811    
  0.139650881      0.498753130      0.213003218     -0.725368202     -0.842188716      0.115697294    
  0.142144650      0.498753130      0.212985560     -0.725295722     -0.842183948      0.115683861    
  0.144638404      0.498753130      0.212966815     -0.725218475     -0.842179596      0.115669601    
  0.147132173      0.498753130      0.212947041     -0.725137055     -0.842175841      0.115654558    
  0.149625942      0.498753130      0.212926313     -0.725051701     -0.842173159      0.115638785    
  0.152119711      0.498753130      0.212904751     -0.724962592     -0.842171371      0.115622409    
  0.154613465      0.498753130      0.212882385     -0.724870324     -0.842171192      0.115605392    
  0.157107234      0.498753130      0.212859243     -0.724774539     -0.842172801      0.115587808    
  0.159601003      0.498753130      0.212835297     -0.724675238     -0.842176378      0.115569584    
  0.162094772      0.498753130      0.212810472     -0.724572301     -0.842182457      0.115550749    
  0.164588541      0.498753130      0.212784648     -0.724464893     -0.842191041      0.115531124    
  0.167082295      0.498753130      0.212757632     -0.724352300     -0.842202902      0.115510598    
  0.169576064      0.498753130      0.212729156     -0.724233568     -0.842217922      0.115488976    
  0.172069833      0.498753130      0.212698951     -0.724107385     -0.842236578      0.115466036    
  0.174563602      0.498753130      0.212666646     -0.723972201     -0.842258990      0.115441509    
  0.177057356      0.498753130      0.212631881     -0.723826706     -0.842285514      0.115415111    
  0.179551125      0.498753130      0.212594256     -0.723668993     -0.842316389      0.115386561    
  0.182044894      0.498753130      0.212553412     -0.723497570     -0.842351735      0.115355559    
  0.184538662      0.498753130      0.212508947     -0.723310947     -0.842391610      0.115321822    
  0.187032431      0.498753130      0.212460533     -0.723107696     -0.842436194      0.115285106    
  0.189526185      0.498753130      0.212407887     -0.722886443     -0.842485726      0.115245171    
  0.192019954      0.498753130      0.212350786     -0.722646236     -0.842540085      0.115201868    
  0.194513723      0.498753130      0.212289110     -0.722386539     -0.842599452      0.115155116    
  0.197007492      0.498753130      0.212222785     -0.722106874     -0.842663765      0.115104809    
  0.199501246      0.498753130      0.212151781     -0.721807182     -0.842733145      0.115050986    
  0.201995015      0.498753130      0.212076217     -0.721487761     -0.842807412      0.114993706    
  0.204488784      0.498753130      0.211996242     -0.721149445     -0.842886746      0.114933103    
  0.206982553      0.498753130      0.211912096     -0.720792651     -0.842971027      0.114869349    
  0.209476322      0.498753130      0.211824074     -0.720418692     -0.843060136      0.114802666    
  0.211970076      0.498753130      0.211732507     -0.720028818     -0.843154073      0.114733294    
  0.214463845      0.498753130      0.211637735     -0.719624579     -0.843252659      0.114661552    
  0.216957614      0.498753130      0.211540222     -0.719207346     -0.843355715      0.114587732    
  0.219451383      0.498753130      0.211440325     -0.718778908     -0.843463123      0.114512116    
  0.221945152      0.498753130      0.211338460     -0.718340695     -0.843574882      0.114435047    
  0.224438906      0.498753130      0.211235061     -0.717894197     -0.843690634      0.114356793    
  0.226932675      0.498753130      0.211130485     -0.717441142     -0.843810201      0.114277728    
  0.229426444      0.498753130      0.211025104     -0.716982841     -0.843933403      0.114198022    
  0.231920213      0.498753130      0.210919291     -0.716520727     -0.844060123      0.114118017    
  0.234413967      0.498753130      0.210813329     -0.716055870     -0.844190061      0.114037938    
  0.236907735      0.498753130      0.210707486     -0.715589345     -0.844323099      0.113957979    
  0.239401504      0.498753130      0.210602030     -0.715122342     -0.844458997      0.113878317    
  0.241895273      0.498753130      0.210497186     -0.714655519     -0.844597518      0.113799132    
  0.244389042      0.498753130      0.210393131     -0.714189351     -0.844738483      0.113720573    
  0.246882796      0.498753130      0.210289985     -0.713724852     -0.844881892      0.113642760    
  0.249376565      0.498753130      0.210187912     -0.713262200     -0.845027328      0.113565773    
  0.251870334      0.498753130      0.210087016     -0.712801933     -0.845174670      0.113489680    
  0.254364103      0.498753130      0.209987327     -0.712344229     -0.845323980      0.113414593    
  0.256857872      0.498753130      0.209888965     -0.711889267     -0.845474839      0.113340512    
  0.259351641      0.498753130      0.209791899     -0.711437225     -0.845627606      0.113267489    
  0.261845410      0.498753130      0.209696159     -0.710988224     -0.845781863      0.113195576    
  0.264339149      0.498753130      0.209601715     -0.710542202     -0.845937729      0.113124721    
  0.266832918      0.498753130      0.209508583     -0.710099101     -0.846095145      0.113054983    
  0.269326687      0.498753130      0.209416687     -0.709658921     -0.846254349      0.112986363    
  0.271820456      0.498753130      0.209325969     -0.709221601     -0.846415162      0.112918861    
  0.274314225      0.498753130      0.209236294     -0.708786964     -0.846577942      0.112852447    
  0.276807994      0.498753130      0.209147528     -0.708354950     -0.846742928      0.112787098    
  0.279301763      0.498753130      0.209059551     -0.707925260     -0.846910477      0.112722829    
  0.281795532      0.498753130      0.208972201     -0.707497954     -0.847080827      0.112659648    
  0.284289300      0.498753130      0.208885193     -0.707072675     -0.847254634      0.112597503    
  0.286783040      0.498753130      0.208798289     -0.706649303     -0.847432494      0.112536408    
  0.289276809      0.498753130      0.208711132     -0.706227720     -0.847615421      0.112476304    
  0.291770577      0.498753130      0.208623409     -0.705807567     -0.847804129      0.112417236    
  0.294264346      0.498753130      0.208534673     -0.705388844     -0.847999573      0.112359151    
  0.296758115      0.498753130      0.208444446     -0.704971254     -0.848203123      0.112302035    
  0.299251884      0.498753130      0.208352223     -0.704554558     -0.848416030      0.112245888    
  0.301745653      0.498753130      0.208257452     -0.704138339     -0.848639786      0.112190709    
  0.304239422      0.498753130      0.208159506     -0.703722775     -0.848876119      0.112136476    
  0.306733191      0.498753130      0.208057821     -0.703307390     -0.849126518      0.112083167    
  0.309226930      0.498753130      0.207951710     -0.702891946     -0.849392593      0.112030819    
  0.311720699      0.498753130      0.207840562     -0.702476203     -0.849676251      0.111979358    
  0.314214468      0.498753130      0.207723767     -0.702060163     -0.849979043      0.111928806    
  0.316708237      0.498753130      0.207600817     -0.701643229     -0.850302398      0.111879155    
  0.319202006      0.498753130      0.207471266     -0.701225400     -0.850647509      0.111830369    
  0.321695775      0.498753130      0.207334816     -0.700806201     -0.851015329      0.111782476    
  0.324189544      0.498753130      0.207191274     -0.700385749     -0.851406515      0.111735478    
  0.326683313      0.498753130      0.207040682     -0.699963450     -0.851820946      0.111689337    
  0.329177082      0.498753130      0.206883237     -0.699539423     -0.852258325      0.111644045    
  0.331670821      0.498753130      0.206719354     -0.699113488     -0.852717519      0.111599632    
  0.334164590      0.498753130      0.206549719     -0.698685288     -0.853196800      0.111556023    
  0.336658359      0.498753130      0.206375256     -0.698254883     -0.853694022      0.111513264    
  0.339152128      0.498753130      0.206197143     -0.697822034     -0.854205966      0.111471325    
  0.341645896      0.498753130      0.206016719     -0.697386980     -0.854729176      0.111430213    
  0.344139665      0.498753130      0.205835536     -0.696949482     -0.855259717      0.111389905    
  0.346633434      0.498753130      0.205655381     -0.696509421     -0.855792820      0.111350432    
  0.349127203      0.498753130      0.205478042     -0.696067154     -0.856323838      0.111311719    
  0.351620972      0.498753130      0.205305427     -0.695622623     -0.856847525      0.111273833    
  0.354114711      0.498753130      0.205139413     -0.695175886     -0.857359052      0.111236684    
  0.356608480      0.498753130      0.204981849     -0.694727182     -0.857853532      0.111200340    
  0.359102249      0.498753130      0.204834417     -0.694276571     -0.858326256      0.111164764    
  0.361596018      0.498753130      0.204698667     -0.693824232     -0.858773410      0.111129954    
  0.364089787      0.498753130      0.204575896     -0.693370283     -0.859191239      0.111095913    
  0.366583556      0.498753130      0.204467148     -0.692915022     -0.859577179      0.111062638    
  0.369077325      0.498753130      0.204373136     -0.692458570     -0.859929502      0.111030109    
  0.371571094      0.498753130      0.204294279     -0.692001164     -0.860246897      0.110998340    
  0.374064863      0.498753130      0.204230696     -0.691542804     -0.860529542      0.110967331    
  0.376558602      0.498753130      0.204182148     -0.691083670     -0.860778093      0.110937066    
  0.379052371      0.498753130      0.204148084     -0.690624118     -0.860994160      0.110907525    
  0.381546140      0.498753130      0.204127789     -0.690164030     -0.861180067      0.110878758    
  0.384039909      0.498753130      0.204120234     -0.689703524     -0.861338913      0.110850736    
  0.386533678      0.498753130      0.204124227     -0.689242780     -0.861473978      0.110823445    
  0.389027447      0.498753130      0.204138473     -0.688781679     -0.861588895      0.110796899    
  0.391521215      0.498753130      0.204161555     -0.688320398     -0.861688137      0.110771105    
  0.394014984      0.498753130      0.204192013     -0.687858939     -0.861775517      0.110746033    
  0.396508753      0.498753130      0.204228461     -0.687397301     -0.861855090      0.110721678    
  0.399002492      0.498753130      0.204269513     -0.686935604     -0.861930668      0.110698074    
  0.401496261      0.498753130      0.204313889     -0.686473548     -0.862005889      0.110675208    
  0.403990030      0.498753130      0.204360366     -0.686011314     -0.862084091      0.110653035    
  0.406483799      0.498753130      0.204407930     -0.685548782     -0.862168014      0.110631570    
  0.408977568      0.498753130      0.204455689     -0.685085654     -0.862260103      0.110610835    
  0.411471337      0.498753130      0.204502836     -0.684622347     -0.862362564      0.110590786    
  0.413965106      0.498753130      0.204548776     -0.684158564     -0.862476707      0.110571392    
  0.416458875      0.498753130      0.204592988     -0.683694303     -0.862603962      0.110552683    
  0.418952644      0.498753130      0.204635143     -0.683229446     -0.862744987      0.110534616    
  0.421446413      0.498753130      0.204675004     -0.682763994     -0.862900317      0.110517159    
  0.423940152      0.498753130      0.204712406     -0.682298064     -0.863070071      0.110500328    
  0.426433921      0.498753130      0.204747215     -0.681831598     -0.863254368      0.110484011    
  0.428927690      0.498753130      0.204779506     -0.681364477     -0.863452852      0.110468283    
  0.431421459      0.498753130      0.204809278     -0.680896878     -0.863665044      0.110453039    
  0.433915228      0.498753130      0.204836622     -0.680428863     -0.863890707      0.110438272    
  0.436408997      0.498753130      0.204861596     -0.679960549     -0.864129186      0.110423893    
  0.438902766      0.498753130      0.204884335     -0.679491937     -0.864379764      0.110409886    
  0.441396534      0.498753130      0.204904929     -0.679023325     -0.864641964      0.110396214    
  0.443890303      0.498753130      0.204923481     -0.678554893     -0.864915192      0.110382728    
  0.446384043      0.498753130      0.204940096     -0.678086817     -0.865198731      0.110369496    
  0.448877811      0.498753130      0.204954863     -0.677619278     -0.865492046      0.110356361    
  0.451371580      0.498753130      0.204967827     -0.677152514     -0.865794897      0.110343263    
  0.453865349      0.498753130      0.204979107     -0.676686943     -0.866106570      0.110330157    
  0.456359118      0.498753130      0.204988673     -0.676222622     -0.866427064      0.110316977    
  0.458852887      0.498753130      0.204996660     -0.675759792     -0.866755664      0.110303670    
  0.461346656      0.498753130      0.205003083     -0.675298631     -0.867092311      0.110290222    
  0.463840425      0.498753130      0.205008075     -0.674838960     -0.867436767      0.110276565    
  0.466334194      0.498753130      0.205011696     -0.674380720     -0.867788970      0.110262744    
  0.468827933      0.498753130      0.205014214     -0.673923194     -0.868148565      0.110248893    
  0.471321702      0.498753130      0.205015838     -0.673465669     -0.868515909      0.110235065    
  0.473815471      0.498753130      0.205016971     -0.673006713     -0.868890584      0.110221595    
  0.476309240      0.498753130      0.205018163     -0.672544181     -0.869273007      0.110208742    
  0.478803009      0.498753130      0.205020130     -0.672075152     -0.869663060      0.110197112    
  0.481296778      0.498753130      0.205023840     -0.671595931     -0.870060980      0.110187322    
  0.483790547      0.498753130      0.205030531     -0.671101272     -0.870467186      0.110180326    
  0.486284316      0.498753130      0.205041781     -0.670584798     -0.870882154      0.110177226    
  0.488778085      0.498753130      0.205059558     -0.670038342     -0.871305943      0.110179491    
  0.491271824      0.498753130      0.205086231     -0.669451952     -0.871739328      0.110188887    
  0.493765593      0.498753130      0.205124646     -0.668814063     -0.872182727      0.110207506    
  0.496259362      0.498753130      0.205178052     -0.668110907     -0.872637212      0.110237829    
  0.498753130      0.498753130      0.205250278     -0.667326748     -0.873103321      0.110282615    
  0.501246929      0.498753130      0.205345511     -0.666444123     -0.873582184      0.110345095    
  0.503740668      0.498753130      0.205468416     -0.665443778     -0.874074578      0.110428683    
  0.506234407      0.498753130      0.205623969     -0.664305270     -0.874581695      0.110537164    
  0.508728206      0.498753130      0.205817357     -0.663007140     -0.875104785      0.110674396    
  0.511221945      0.498753130      0.206053942     -0.661527693     -0.875644684      0.110844500    
  0.513715744      0.498753130      0.206339136     -0.659844816     -0.876202762      0.111051485    
  0.516209483      0.498753130      0.206678212     -0.657937765     -0.876779854      0.111299381    
  0.518703282      0.498753130      0.207076192     -0.655786693     -0.877376974      0.111592025    
  0.521197021      0.498753130      0.207537666     -0.653374076     -0.877995133      0.111932948    
  0.523690820      0.498753130      0.208066836     -0.650684118     -0.878634930      0.112325415    
  0.526184559      0.498753130      0.208667278     -0.647704065     -0.879296958      0.112772256    
  0.528678298      0.498753130      0.209341899     -0.644424677     -0.879981518      0.113275804    
  0.531172097      0.498753130      0.210093006     -0.640838981     -0.880688846      0.113838010    
  0.533665836      0.498753130      0.210922152     -0.636943877     -0.881418943      0.114460222    
  0.536159635      0.498753130      0.211830243     -0.632739186     -0.882171512      0.115143366    
  0.538653374      0.498753130      0.212817535     -0.628227174     -0.882946193      0.115887970    
  0.541147172      0.498753130      0.213883698     -0.623413384     -0.883742511      0.116694041    
  0.543640912      0.498753130      0.215027899     -0.618305147     -0.884559631      0.117561273    
  0.546134710      0.498753130      0.216248825     -0.612912178     -0.885397017      0.118489020    
  0.548628449      0.498753130      0.217544824     -0.607245445     -0.886253357      0.119476333    
  0.551122189      0.498753130      0.218913913     -0.601316869     -0.887128174      0.120522156    
  0.553615987      0.498753130      0.220353931     -0.595139921     -0.888020039      0.121625133    
  0.556109726      0.498753130      0.221862525     -0.588727951     -0.888927996      0.122783892    
  0.558603525      0.498753130      0.223437190     -0.582094908     -0.889851213      0.123996891    
  0.561097264      0.498753130      0.225075498     -0.575254738     -0.890788257      0.125262663    
  0.563591063      0.498753130      0.226774901     -0.568221092     -0.891738296      0.126579583    
  0.566084802      0.498753130      0.228532910     -0.561007500     -0.892700374      0.127946213    
  0.568578601      0.498753130      0.230347127     -0.553627074     -0.893673301      0.129360959    
  0.571072340      0.498753130      0.232215181     -0.546092093     -0.894656301      0.130822405    
  0.573566079      0.498753130      0.234134838     -0.538414657     -0.895648241      0.132329196    
  0.576059878      0.498753130      0.236103952     -0.530606091     -0.896648526      0.133879945    
  0.578553617      0.498753130      0.238120437     -0.522676885     -0.897656202      0.135473430    
  0.581047416      0.498753130      0.240182385     -0.514637291     -0.898670495      0.137108460    
  0.583541155      0.498753130      0.242288008     -0.506496549     -0.899690568      0.138783917    
  0.586034954      0.498753130      0.244435579     -0.498263568     -0.900715947      0.140498772    
  0.588528693      0.498753130      0.246623456     -0.489946693     -0.901746035      0.142252073    
  0.591022491      0.498753130      0.248850167     -0.481553316     -0.902779996      0.144042879    
  0.593516231      0.498753130      0.251114279     -0.473090798     -0.903817534      0.145870402    
  0.596009970      0.498753130      0.253414482     -0.464565724     -0.904857934      0.147733852    
  0.598503768      0.498753130      0.255749553     -0.455984265     -0.905900657      0.149632439    
  0.600997508      0.498753130      0.258118361     -0.447352201     -0.906945288      0.151565596    
  0.603491306      0.498753130      0.260519713     -0.438675076     -0.907991648      0.153532609    
  0.605985045      0.498753130      0.262952656     -0.429957867     -0.909039080      0.155532926    
  0.608478844      0.498753130      0.265416175     -0.421205282     -0.910087287      0.157565981    
  0.610972583      0.498753130      0.267909348     -0.412421763     -0.911136031      0.159631193    
  0.613466382      0.498753130      0.270431280     -0.403611600     -0.912184715      0.161728173    
  0.615960121      0.498753130      0.272981137     -0.394778669     -0.913233221      0.163856313    
  0.618453860      0.498753130      0.275558084     -0.385926813     -0.914281070      0.166015148    
  0.620947659      0.498753130      0.278161258     -0.377059639     -0.915327966      0.168204308    
  0.623441398      0.498753130      0.280789942     -0.368180484     -0.916373909      0.170423210    
  0.625935197      0.498753130      0.283443272     -0.359292895     -0.917418420      0.172671452    
  0.628428936      0.498753130      0.286120534     -0.350399941     -0.918461144      0.174948514    
  0.630922735      0.498753130      0.288820893     -0.341504753     -0.919501901      0.177253976    
  0.633416474      0.498753130      0.291543603     -0.332610399     -0.920540512      0.179587260    
  0.635910273      0.498753130      0.294287801     -0.323719919     -0.921576560      0.181947857    
  0.638404012      0.498753130      0.297052711     -0.314836353     -0.922609866      0.184335262    
  0.640897751      0.498753130      0.299837440     -0.305962771     -0.923640251      0.186748803    
  0.643391550      0.498753130      0.302641094     -0.297102094     -0.924667299      0.189187855    
  0.645885289      0.498753130      0.305462718     -0.288257509     -0.925690770      0.191651791    
  0.648379087      0.498753130      0.308301330     -0.279432088     -0.926710308      0.194139823    
  0.650872827      0.498753130      0.311155856     -0.270629019     -0.927725792      0.196651161    
  0.653366625      0.498753130      0.314025223     -0.261851698     -0.928736806      0.199184865    
  0.655860364      0.498753130      0.316908181     -0.253103465     -0.929743111      0.201739997    
  0.658354163      0.498753130      0.319803447     -0.244388029     -0.930744290      0.204315513    
  0.660847902      0.498753130      0.322709650     -0.235709235     -0.931740046      0.206910193    
  0.663341641      0.498753130      0.325625360     -0.227070823     -0.932729781      0.209522873    
  0.665835440      0.498753130      0.328548849     -0.218477145     -0.933713436      0.212152034    
  0.668329179      0.498753130      0.331478447     -0.209932625     -0.934690177      0.214796200    
  0.670822978      0.498753130      0.334412187     -0.201442093     -0.935660005      0.217453510    
  0.673316717      0.498753130      0.337348044     -0.193010584     -0.936621964      0.220122233    
  0.675810516      0.498753130      0.340283722     -0.184643552     -0.937575817      0.222800195    
  0.678304255      0.498753130      0.343216747     -0.176346838     -0.938520849      0.225485116    
  0.680798054      0.498753130      0.346144497     -0.168126747     -0.939456463      0.228174478    
  0.683291793      0.498753130      0.349064082     -0.159989923     -0.940381885      0.230865538    
  0.685785532      0.498753130      0.351972312     -0.151943684     -0.941296637      0.233555153    
  0.688279331      0.498753130      0.354865670     -0.143995970     -0.942199707      0.236240059    
  0.690773070      0.498753130      0.357740521     -0.136154920     -0.943090200      0.238916531    
  0.693266869      0.498753130      0.360592723     -0.128429666     -0.943967283      0.241580635    
  0.695760608      0.498753130      0.363417923     -0.120829917     -0.944829881      0.244227991    
  0.698254406      0.498753130      0.366211355     -0.113365963     -0.945677161      0.246853784    
  0.700748146      0.498753130      0.368967980     -0.106048815     -0.946507692      0.249453053    
  0.703241944      0.498753130      0.371682346      -9.88902152E-02 -0.947320163      0.252020210    
  0.705735683      0.498753130      0.374348611      -9.19024721E-02 -0.948113501      0.254549354    
  0.708229423      0.498753130      0.376960665      -8.50986019E-02 -0.948886275      0.257034183    
  0.710723221      0.498753130      0.379512072      -7.84920976E-02 -0.949636936      0.259468257    
  0.713216960      0.498753130      0.381996095      -7.20970631E-02 -0.950363934      0.261844456    
  0.715710759      0.498753130      0.384405792      -6.59276843E-02 -0.951065838      0.264155716    
  0.718204498      0.498753130      0.386734098      -5.99983819E-02 -0.951740980      0.266394556    
  0.720698297      0.498753130      0.388973892      -5.43234460E-02 -0.952387929      0.268553525    
  0.723192036      0.498753130      0.391118228      -4.89168912E-02 -0.953004897      0.270625442    
  0.725685835      0.498753130      0.393160343      -4.37917821E-02 -0.953590572      0.272602946    
  0.728179574      0.498753130      0.395093918      -3.89601775E-02 -0.954143465      0.274479330    
  0.730673313      0.498753130      0.396913260      -3.44326571E-02 -0.954662502      0.276248425    
  0.733167112      0.498753130      0.398613393      -3.02178245E-02 -0.955146492      0.277904630    
  0.735660851      0.498753130      0.400190502      -2.63219047E-02 -0.955594599      0.279443771    
  0.738154650      0.498753130      0.401641876      -2.27482915E-02 -0.956006706      0.280862480    
  0.740648389      0.498753130      0.402966201      -1.94972530E-02 -0.956382155      0.282158881    
  0.743142188      0.498753130      0.404163569      -1.65657550E-02 -0.956721544      0.283332676    
  0.745635927      0.498753130      0.405235827      -1.39469998E-02 -0.957025349      0.284385055    
  0.748129725      0.498753130      0.406186163      -1.16309589E-02 -0.957294881      0.285318851    
  0.750623465      0.498753130      0.407019556      -9.60392877E-03 -0.957531333      0.286138505    
  0.753117204      0.498753130      0.407742172      -7.84922950E-03 -0.957736433      0.286849856    
  0.755611002      0.498753130      0.408361435      -6.34760503E-03 -0.957912505      0.287459970    
  0.758104742      0.498753130      0.408885807      -5.07769780E-03 -0.958061874      0.287976831    
  0.760598540      0.498753130      0.409324318      -4.01683012E-03 -0.958186984      0.288409352    
  0.763092279      0.498753130      0.409686416      -3.14170285E-03 -0.958290398      0.288766682    
  0.765586078      0.498753130      0.409981519      -2.42893747E-03 -0.958374918      0.289057940    
  0.768079817      0.498753130      0.410218924      -1.85602019E-03 -0.958442986      0.289292425    
  0.770573616      0.498753130      0.410407364      -1.40152324E-03 -0.958497167      0.289478511    
  0.773067355      0.498753130      0.410554916      -1.04572403E-03 -0.958539784      0.289624304    
  0.775561094      0.498753130      0.410668910      -7.70907616E-04 -0.958572745      0.289736956    
  0.778054893      0.498753130      0.410755813      -5.61537105E-04 -0.958597898      0.289822817    
  0.780548632      0.498753130      0.410821199      -4.04027145E-04 -0.958616972      0.289887458    
  0.783042431      0.498753130      0.410869688      -2.87190313E-04 -0.958631217      0.289935380    
  0.785536170      0.498753130      0.410905212      -2.01720584E-04 -0.958641529      0.289970487    
  0.788029969      0.498753130      0.410930842      -1.40019823E-04 -0.958649099      0.289995790    
  0.790523708      0.498753130      0.410949171      -9.59884346E-05 -0.958654344      0.290013909    
  0.793017507      0.498753130      0.410962015      -6.50507791E-05 -0.958658278      0.290026635    
  0.795511246      0.498753130      0.410970956      -4.34769427E-05 -0.958660841      0.290035427    
  0.798004985      0.498753130      0.410977066      -2.88116516E-05 -0.958662689      0.290041536    
  0.800498784      0.498753130      0.410981238      -1.88416252E-05 -0.958663881      0.290045619    
  0.802992523      0.498753130      0.410983980      -1.21983439E-05 -0.958664656      0.290048331    
  0.805486321      0.498753130      0.410985827      -7.80645132E-06 -0.958665192      0.290050149    
  0.807980061      0.498753130      0.410986990      -4.92587060E-06 -0.958665609      0.290051311    
  0.810473859      0.498753130      0.410987765      -3.10005885E-06 -0.958665907      0.290052116    
  0.812967598      0.498753130      0.410988271      -1.89220361E-06 -0.958665967      0.290052533    
  0.815461397      0.498753130      0.410988599      -1.19972344E-06 -0.958666027      0.290052861    
  0.817955136      0.498753130      0.410988778      -6.96738823E-07 -0.958666027      0.290053099    
  0.820448935      0.498753130      0.410988897      -4.10250749E-07 -0.958666086      0.290053219    
  0.822942674      0.498753130      0.410988957      -2.32801057E-07 -0.958666205      0.290053219    
  0.825436413      0.498753130      0.410988986      -1.85461971E-07 -0.958666205      0.290053308    
  0.827930212      0.498753130      0.410989016      -8.05390457E-08 -0.958666205      0.290053308    
  0.830423951      0.498753130      0.410989016      -4.78052691E-08 -0.958666205      0.290053338    
  0.832917750      0.498753130      0.410989016      -3.52381342E-08 -0.958666205      0.290053308    
  0.835411489      0.498753130      0.410989046      -2.47324721E-08 -0.958666205      0.290053338    
  0.837905288      0.498753130      0.410989046       2.21260010E-09 -0.958666146      0.290053308    
  0.840399027      0.498753130      0.410989016       1.55766351E-08 -0.958666265      0.290053338    
  0.842892826      0.498753130      0.410989016       0.00000000     -0.958666265      0.290053338    
  0.845386565      0.498753130      0.410989016       0.00000000     -0.958666265      0.290053338    
  0.847880304      0.498753130      0.410989016       0.00000000     -0.958666265      0.290053338    
  0.850374103      0.498753130      0.410989016       0.00000000     -0.958666265      0.290053338    
  0.852867842      0.498753130      0.410989016       0.00000000     -0.958666265      0.290053338    
  0.855361640      0.498753130      0.410989016       0.00000000     -0.958666265      0.290053338    
  0.857855380      0.498753130      0.410989016       0.00000000     -0.958666265      0.290053338    
  0.860349178      0.498753130      0.410989016       0.00000000     -0.958666265      0.290053338    
  0.862842917      0.498753130      0.410989016       0.00000000     -0.958666265      0.290053338    
  0.865336716      0.498753130      0.410989016       0.00000000     -0.958666265      0.290053338    
  0.867830455      0.498753130      0.410989016       0.00000000     -0.958666265      0.290053338    
  0.870324194      0.498753130      0.410989016       0.00000000     -0.958666265      0.290053338    
  0.872817993      0.498753130      0.410989016       0.00000000     -0.958666265      0.290053338    
  0.875311732      0.498753130      0.410989016       0.00000000     -0.958666265      0.290053338    
  0.877805531      0.498753130      0.410989016       0.00000000     -0.958666265      0.290053338    
  0.880299270      0.498753130      0.410989016       0.00000000     -0.958666265      0.290053338    
  0.882793069      0.498753130      0.410989016       0.00000000     -0.958666265      0.290053338    
  0.885286808      0.498753130      0.410989016       0.00000000     -0.958666265      0.290053338    
  0.887780607      0.498753130      0.410989016       0.00000000     -0.958666265      0.290053338    
  0.890274346      0.498753130      0.410989016       0.00000000     -0.958666265      0.290053338    
  0.892768085      0.498753130      0.410989016       0.00000000     -0.958666265      0.290053338    
  0.895261884      0.498753130      0.410989016       0.00000000     -0.958666265      0.290053338    
  0.897755623      0.498753130      0.410989016       0.00000000     -0.958666265      0.290053338    
  0.900249422      0.498753130      0.410989016       0.00000000     -0.958666265      0.290053338    
  0.902743161      0.498753130      0.410989016       0.00000000     -0.958666265      0.290053338    
  0.905236959      0.498753130      0.410989016       0.00000000     -0.958666265      0.290053338    
  0.907730699      0.498753130      0.410989016       0.00000000     -0.958666265      0.290053338    
  0.910224497      0.498753130      0.410989016       0.00000000     -0.958666265      0.290053338    
  0.912718236      0.498753130      0.410989016       0.00000000     -0.958666265      0.290053338    
  0.915211976      0.498753130      0.410989016       0.00000000     -0.958666265      0.290053338    
  0.917705774      0.498753130      0.410989016       0.00000000     -0.958666265      0.290053338    
  0.920199513      0.498753130      0.410989016       0.00000000     -0.958666265      0.290053338    
  0.922693312      0.498753130      0.410989016       0.00000000     -0.958666265      0.290053338    
  0.925187051      0.498753130      0.410989016       0.00000000     -0.958666265      0.290053338    
  0.927680850      0.498753130      0.410989016       0.00000000     -0.958666265      0.290053338    
  0.930174589      0.498753130      0.410989016       0.00000000     -0.958666265      0.290053338    
  0.932668388      0.498753130      0.410989016       0.00000000     -0.958666265      0.290053338    
  0.935162127      0.498753130      0.410989016       0.00000000     -0.958666265      0.290053338    
  0.937655866      0.498753130      0.410989016       0.00000000     -0.958666265      0.290053338    
  0.940149665      0.498753130      0.410989016       0.00000000     -0.958666265      0.290053338    
  0.942643404      0.498753130      0.410989016       0.00000000     -0.958666265      0.290053338    
  0.945137203      0.498753130      0.410989016       0.00000000     -0.958666265      0.290053338    
  0.947630942      0.498753130      0.410989016       0.00000000     -0.958666265      0.290053338    
  0.950124741      0.498753130      0.410989016       0.00000000     -0.958666265      0.290053338    
  0.952618480      0.498753130      0.410989016       0.00000000     -0.958666265      0.290053338    
  0.955112278      0.498753130      0.410989016       0.00000000     -0.958666265      0.290053338    
  0.957606018      0.498753130      0.410989016       0.00000000     -0.958666265      0.290053338    
  0.960099757      0.498753130      0.410989016       0.00000000     -0.958666265      0.290053338    
  0.962593555      0.498753130      0.410989016       0.00000000     -0.958666265      0.290053338    
  0.965087295      0.498753130      0.410989016       0.00000000     -0.958666265      0.290053338    
  0.967581093      0.498753130      0.410989016       0.00000000     -0.958666265      0.290053338    
  0.970074832      0.498753130      0.410989016       0.00000000     -0.958666265      0.290053338    
  0.972568631      0.498753130      0.410989016       0.00000000     -0.958666265      0.290053338    
  0.975062370      0.498753130      0.410989016       0.00000000     -0.958666265      0.290053338    
  0.977556169      0.498753130      0.410989016       0.00000000     -0.958666265      0.290053338    
  0.980049908      0.498753130      0.410989016       0.00000000     -0.958666265      0.290053338    
  0.982543647      0.498753130      0.410989016       0.00000000     -0.958666265      0.290053338    
  0.985037446      0.498753130      0.410989016       0.00000000     -0.958666265      0.290053338    
  0.987531185      0.498753130      0.410989016       0.00000000     -0.958666265      0.290053338    
  0.990024984      0.498753130      0.410989016       0.00000000     -0.958666265      0.290053338    
  0.992518723      0.498753130      0.410989016       0.00000000     -0.958666265      0.290053338    
  0.995012522      0.498753130      0.410989016       0.00000000     -0.958666265      0.290053338    
  0.997506261      0.498753130      0.410989016       0.00000000     -0.958666265      0.290053338    
   1.00000000      0.498753130      0.410989016       0.00000000     -0.958666265      0.290053338    
