  0.100052856    
   9.90098994E-03   1.00000000       0.00000000       1.00000000    
   1.98019799E-02  0.999999344       8.93912215E-07  0.999999940    
   2.97029708E-02  0.999997139       2.74282570E-06  0.999996722    
   3.96039598E-02  0.999994576       5.38479662E-06  0.999992669    
   4.95049506E-02  0.999991000       9.67752658E-06  0.999987721    
   5.94059415E-02  0.999984264       1.78678747E-05  0.999977827    
   6.93069324E-02  0.999970913       3.35267468E-05  0.999959290    
   7.92079195E-02  0.999946177       6.28183989E-05  0.999924719    
   8.91089141E-02  0.999901175       1.16093739E-04  0.999861658    
   9.90099013E-02  0.999821484       2.10414830E-04  0.999750078    
  0.108910888      0.999683976       3.73190298E-04  0.999557316    
  0.118811883      0.999453247       6.46544155E-04  0.999234140    
  0.128712878      0.999075949       1.09320891E-03  0.998705685    
  0.138613865      0.998477399       1.80306425E-03  0.997866273    
  0.148514852      0.997553706       2.89946655E-03  0.996569395    
  0.158415839      0.996169567       4.54512332E-03  0.994623959    
  0.168316826      0.994156420       6.94477605E-03  0.991789103    
  0.178217828      0.991315782       1.03434138E-02  0.987778008    
  0.188118815      0.987427473       1.50193293E-02  0.982266963    
  0.198019803      0.982264578       2.12702304E-02  0.974914014    
  0.207920790      0.975611866       2.93946136E-02  0.965383828    
  0.217821777      0.967289031       3.96694541E-02  0.953377664    
  0.227722779      0.957171261       5.23266383E-02  0.938663244    
  0.237623766      0.945204854       6.75320923E-02  0.921103716    
  0.247524753      0.931416154       8.53711963E-02  0.900674939    
  0.257425755      0.915909052      0.105841942      0.877476096    
  0.267326742      0.898855388      0.128856614      0.851722360    
  0.277227730      0.880478263      0.154250905      0.823728681    
  0.287128717      0.861030340      0.181799397      0.793886065    
  0.297029704      0.840774655      0.211234614      0.762629151    
  0.306930691      0.819966793      0.242265880      0.730408907    
  0.316831678      0.798840165      0.274598390      0.697662652    
  0.326732665      0.777598500      0.307947695      0.664793670    
  0.336633652      0.756411016      0.342051685      0.632156551    
  0.346534640      0.735412061      0.376678050      0.600049436    
  0.356435657      0.714703500      0.411627144      0.568711936    
  0.366336644      0.694357276      0.446734697      0.538327038    
  0.376237631      0.674421608      0.481868148      0.509027183    
  0.386138618      0.654923558      0.516926527      0.480899721    
  0.396039605      0.635874510      0.551835597      0.453995377    
  0.405940592      0.617274344      0.586542845      0.428336442    
  0.415841579      0.599114537      0.621015251      0.403921396    
  0.425742567      0.581380725      0.655234277      0.380732208    
  0.435643554      0.564054728      0.689193726      0.358738005    
  0.445544541      0.547117949      0.722894371      0.337901384    
  0.455445558      0.530549765      0.756347001      0.318177044    
  0.465346545      0.514329970      0.789566040      0.299516886    
  0.475247532      0.498431861      0.822586417      0.281862766    
  0.485148519      0.482780218      0.855550051      0.265105695    
  0.495049506      0.466303110      0.890756249      0.248138532    
  0.504950523      0.439620465      0.948955894      0.222124949    
  0.514851511      0.498449355      0.822947919      0.281652391    
  0.524752498      0.512020230      0.793217838      0.297145724    
  0.534653485      0.451418161      0.922033906      0.233580425    
  0.544554472      0.529405236      0.757062614      0.317213953    
  0.554455459      0.461207926      0.901153147      0.243070900    
  0.564356446      0.517879665      0.781890035      0.303440690    
  0.574257433      0.476400554      0.869185925      0.258240938    
  0.584158421      0.502120733      0.814881563      0.285627246    
  0.594059408      0.488601774      0.843053162      0.271026582    
  0.603960395      0.494675964      0.829965472      0.277576655    
  0.613861382      0.492520392      0.834159076      0.275293082    
  0.623762369      0.493305147      0.832130194      0.276168823    
  0.633663356      0.493113041      0.832091331      0.275967449    
  0.643564343      0.493114948      0.831346869      0.275902182    
  0.653465331      0.492722183      0.829944015      0.275282413    
  0.663366318      0.490923822      0.825459123      0.273224950    
  0.673267305      0.484196961      0.811829209      0.267675519    
  0.683168292      0.464265436      0.776923418      0.256346613    
  0.693069279      0.419361353      0.706325829      0.240359142    
  0.702970326      0.347764432      0.598904729      0.226338923    
  0.712871313      0.270553142      0.479997814      0.219260246    
  0.722772300      0.211449489      0.383562565      0.217023104    
  0.732673287      0.175225347      0.322138578      0.216144979    
  0.742574275      0.155350029      0.287987143      0.215524688    
  0.752475262      0.144936159      0.270090640      0.215081915    
  0.762376249      0.139580041      0.261019707      0.214775234    
  0.772277236      0.136847645      0.256633401      0.214531928    
  0.782178223      0.135455862      0.254768699      0.214284286    
  0.792079210      0.134739622      0.254332215      0.213980824    
  0.801980197      0.134357303      0.254775763      0.213588730    
  0.811881185      0.134135708      0.255804688      0.213097319    
  0.821782172      0.133989692      0.257214397      0.212523162    
  0.831683159      0.133881047      0.258805186      0.211913213    
  0.841584146      0.133796468      0.260355771      0.211338252    
  0.851485133      0.133734539      0.261643887      0.210877046    
  0.861386120      0.133697420      0.262502372      0.210589990    
  0.871287107      0.133684695      0.262883335      0.210493952    
  0.881188095      0.133690640      0.262883186      0.210549325    
  0.891089082      0.133705720      0.262704402      0.210680217    
  0.900990129      0.133720502      0.262538344      0.210803762    
  0.910891116      0.133731410      0.262512684      0.210895479    
  0.920792103      0.133738771      0.262537777      0.210920006    
  0.930693090      0.133757472      0.262761384      0.211032450    
  0.940594077      0.133784041      0.262539715      0.210889280    
  0.950495064      0.133905679      0.263738066      0.211542502    
  0.960396051      0.134036005      0.261289388      0.209932312    
  0.970297039      0.134791568      0.270622671      0.214946687    
  0.980198026      0.135047838      0.247442544      0.200653166    
  0.990099013      0.138890162      0.319890648      0.243428975    
   1.00000000      0.125000000       0.00000000      0.100000009    
